0 3 0 652 78 959
1 3 0 623 312 778
2 3 0 312 624 778
3 3 0 606 351 700
4 3 0 350 607 699
5 3 0 77 78 652
6 3 0 856 728 927
7 3 0 732 855 930
8 3 0 76 77 916
9 3 0 455 523 780
10 3 0 755 315 771
11 3 0 661 849 864
12 3 0 415 410 714
13 3 0 591 590 906
14 3 0 417 412 716
15 3 0 849 285 864
16 3 0 728 355 927
17 3 0 755 771 924
18 3 0 639 415 714
19 3 0 320 120 754
20 3 0 354 732 930
21 3 0 722 698 723
22 3 0 282 651 665
23 3 0 77 652 916
24 3 0 597 294 895
25 3 0 82 83 707
26 3 0 166 167 731
27 3 0 63 64 727
28 3 0 294 597 898
29 3 0 147 148 703
30 3 0 699 607 896
31 3 0 606 700 897
32 3 0 858 414 960
33 3 0 695 694 724
34 3 0 673 674 818
35 3 0 591 734 817
36 3 0 734 591 906
37 3 0 734 735 817
38 3 0 616 612 655
39 3 0 707 83 943
40 3 0 605 291 789
41 3 0 408 406 873
42 3 0 677 678 820
43 3 0 6 138 957
44 3 0 731 167 945
45 3 0 63 727 944
46 3 0 696 858 960
47 3 0 147 703 942
48 3 0 784 313 817
49 3 0 779 605 789
50 3 0 540 762 763
51 3 0 418 697 826
52 3 0 518 455 780
53 3 0 523 779 780
54 3 0 349 779 789
55 3 0 300 620 893
56 3 0 621 301 894
57 3 0 715 614 716
58 3 0 698 722 826
59 3 0 577 578 760
60 3 0 858 696 874
61 3 0 614 615 877
62 3 0 291 605 875
63 3 0 773 593 936
64 3 0 612 318 655
65 3 0 500 692 848
66 3 0 541 559 821
67 3 0 909 773 936
68 3 0 696 697 874
69 3 0 694 296 724
70 3 0 863 558 869
71 3 0 417 716 877
72 3 0 633 742 743
73 3 0 284 863 869
74 3 0 14 135 610
75 3 0 883 618 954
76 3 0 412 415 716
77 3 0 528 750 752
78 3 0 620 300 896
79 3 0 301 621 897
80 3 0 351 606 878
81 3 0 607 350 879
82 3 0 688 546 865
83 3 0 415 639 715
84 3 0 546 688 859
85 3 0 597 627 901
86 3 0 628 598 902
87 3 0 898 597 901
88 3 0 598 899 902
89 3 0 923 553 926
90 3 0 673 818 950
91 3 0 736 594 765
92 3 0 641 325 794
93 3 0 120 121 754
94 3 0 631 284 748
95 3 0 692 500 972
96 3 0 614 715 933
97 3 0 649 356 799
98 3 0 410 408 714
99 3 0 903 837 926
100 3 0 651 613 665
101 3 0 618 619 954
102 3 0 320 754 909
103 3 0 821 559 967
104 3 0 507 553 923
105 3 0 325 650 794
106 3 0 633 741 742
107 3 0 647 745 841
108 3 0 698 695 724
109 3 0 298 646 664
110 3 0 716 614 877
111 3 0 723 698 724
112 3 0 666 314 667
113 3 0 714 408 873
114 3 0 697 698 826
115 3 0 416 629 634
116 3 0 553 903 926
117 3 0 743 669 908
118 3 0 134 14 651
119 3 0 742 317 844
120 3 0 799 356 924
121 3 0 95 10 640
122 3 0 629 416 648
123 3 0 349 708 779
124 3 0 312 623 862
125 3 0 624 312 853
126 3 0 735 784 817
127 3 0 742 844 949
128 3 0 282 134 651
129 3 0 563 856 927
130 3 0 820 678 951
131 3 0 295 899 925
132 3 0 284 631 863
133 3 0 577 760 935
134 3 0 855 562 930
135 3 0 886 744 940
136 3 0 10 96 751
137 3 0 764 324 781
138 3 0 282 665 969
139 3 0 107 356 884
140 3 0 78 291 959
141 3 0 325 123 885
142 3 0 92 3 986
143 3 0 664 646 928
144 3 0 750 528 938
145 3 0 736 765 958
146 3 0 583 759 910
147 3 0 882 557 888
148 3 0 96 283 751
149 3 0 662 288 850
150 3 0 610 611 613
151 3 0 14 610 651
152 3 0 296 694 733
153 3 0 779 708 780
154 3 0 356 649 884
155 3 0 610 318 611
156 3 0 544 648 710
157 3 0 662 661 857
158 3 0 719 892 904
159 3 0 557 643 888
160 3 0 136 12 486
161 3 0 8 94 485
162 3 0 4 106 599
163 3 0 124 5 600
164 3 0 619 670 980
165 3 0 759 583 946
166 3 0 650 325 885
167 3 0 857 661 864
168 3 0 899 598 925
169 3 0 681 300 893
170 3 0 301 680 894
171 3 0 670 619 918
172 3 0 627 292 901
173 3 0 293 628 902
174 3 0 669 743 961
175 3 0 558 644 861
176 3 0 827 657 831
177 3 0 843 568 867
178 3 0 564 842 866
179 3 0 835 684 850
180 3 0 686 836 851
181 3 0 630 631 645
182 3 0 882 353 887
183 3 0 289 644 851
184 3 0 318 13 655
185 3 0 417 877 883
186 3 0 540 763 920
187 3 0 558 861 869
188 3 0 675 383 783
189 3 0 667 314 955
190 3 0 656 326 750
191 3 0 544 629 648
192 3 0 427 827 831
193 3 0 648 402 710
194 3 0 762 540 905
195 3 0 406 416 873
196 3 0 55 383 675
197 3 0 288 835 850
198 3 0 520 572 653
199 3 0 836 289 851
200 3 0 633 743 908
201 3 0 800 826 852
202 3 0 743 742 744
203 3 0 12 137 625
204 3 0 590 593 906
205 3 0 661 660 849
206 3 0 154 296 733
207 3 0 660 476 788
208 3 0 34 361 679
209 3 0 297 76 916
210 3 0 520 521 572
211 3 0 632 381 970
212 3 0 135 318 610
213 3 0 783 383 975
214 3 0 296 155 830
215 3 0 764 781 953
216 3 0 761 592 782
217 3 0 637 635 638
218 3 0 659 662 671
219 3 0 425 659 671
220 3 0 767 837 872
221 3 0 817 313 917
222 3 0 633 485 741
223 3 0 592 761 936
224 3 0 657 552 807
225 3 0 299 142 663
226 3 0 425 658 659
227 3 0 704 803 939
228 3 0 892 550 904
229 3 0 711 522 788
230 3 0 562 738 930
231 3 0 740 563 927
232 3 0 629 545 630
233 3 0 416 404 648
234 3 0 303 327 712
235 3 0 335 305 713
236 3 0 404 402 648
237 3 0 298 89 668
238 3 0 697 418 874
239 3 0 288 662 857
240 3 0 54 55 675
241 3 0 347 87 664
242 3 0 671 662 850
243 3 0 676 457 677
244 3 0 563 740 921
245 3 0 735 360 784
246 3 0 738 562 922
247 3 0 433 453 711
248 3 0 300 699 896
249 3 0 700 301 897
250 3 0 425 426 658
251 3 0 33 34 679
252 3 0 672 456 673
253 3 0 634 630 635
254 3 0 877 618 883
255 3 0 131 15 748
256 3 0 477 657 807
257 3 0 608 783 975
258 3 0 644 487 682
259 3 0 745 647 961
260 3 0 596 876 881
261 3 0 520 519 521
262 3 0 741 317 742
263 3 0 530 868 875
264 3 0 646 536 928
265 3 0 286 303 712
266 3 0 305 287 713
267 3 0 431 432 433
268 3 0 326 656 774
269 3 0 356 755 924
270 3 0 724 296 830
271 3 0 152 153 690
272 3 0 487 396 682
273 3 0 842 481 866
274 3 0 327 683 712
275 3 0 685 335 713
276 3 0 482 843 867
277 3 0 403 402 404
278 3 0 638 635 645
279 3 0 544 535 545
280 3 0 643 294 888
281 3 0 658 476 660
282 3 0 53 456 672
283 3 0 640 10 751
284 3 0 32 457 676
285 3 0 99 285 747
286 3 0 301 29 680
287 3 0 57 300 681
288 3 0 544 545 629
289 3 0 380 140 670
290 3 0 151 290 687
291 3 0 800 418 826
292 3 0 557 882 887
293 3 0 679 361 829
294 3 0 453 522 711
295 3 0 453 519 520
296 3 0 635 630 645
297 3 0 667 359 795
298 3 0 522 654 788
299 3 0 690 153 733
300 3 0 292 627 979
301 3 0 628 293 978
302 3 0 687 290 688
303 3 0 429 430 431
304 3 0 406 404 416
305 3 0 753 297 907
306 3 0 433 435 453
307 3 0 491 705 706
308 3 0 610 613 651
309 3 0 615 618 877
310 3 0 476 431 711
311 3 0 880 470 891
312 3 0 572 521 573
313 3 0 88 89 298
314 3 0 141 142 299
315 3 0 88 298 664
316 3 0 659 658 660
317 3 0 630 545 631
318 3 0 380 642 919
319 3 0 644 682 851
320 3 0 300 58 699
321 3 0 28 301 700
322 3 0 723 724 830
323 3 0 346 144 701
324 3 0 668 381 669
325 3 0 402 399 710
326 3 0 595 880 891
327 3 0 637 638 665
328 3 0 352 718 719
329 3 0 327 329 683
330 3 0 337 335 685
331 3 0 673 456 674
332 3 0 522 520 653
333 3 0 141 299 670
334 3 0 143 346 663
335 3 0 429 431 476
336 3 0 153 154 733
337 3 0 381 632 908
338 3 0 611 612 614
339 3 0 412 410 415
340 3 0 439 446 766
341 3 0 705 347 709
342 3 0 491 85 705
343 3 0 644 289 861
344 3 0 694 691 733
345 3 0 352 720 746
346 3 0 691 690 733
347 3 0 490 729 730
348 3 0 725 489 726
349 3 0 720 723 746
350 3 0 629 630 634
351 3 0 693 695 696
352 3 0 431 433 711
353 3 0 405 404 406
354 3 0 453 435 519
355 3 0 433 434 435
356 3 0 746 723 830
357 3 0 135 13 318
358 3 0 9 95 317
359 3 0 706 705 709
360 3 0 677 457 678
361 3 0 353 74 717
362 3 0 352 158 718
363 3 0 401 399 402
364 3 0 78 79 291
365 3 0 151 152 290
366 3 0 426 429 658
367 3 0 876 471 881
368 3 0 449 544 710
369 3 0 720 719 721
370 3 0 316 52 672
371 3 0 90 381 668
372 3 0 382 31 676
373 3 0 433 432 434
374 3 0 743 744 745
375 3 0 30 382 680
376 3 0 383 56 681
377 3 0 659 660 661
378 3 0 403 404 405
379 3 0 688 290 689
380 3 0 837 442 872
381 3 0 525 685 686
382 3 0 683 524 684
383 3 0 61 489 725
384 3 0 490 25 729
385 3 0 701 488 702
386 3 0 423 425 671
387 3 0 689 691 692
388 3 0 535 487 558
389 3 0 491 706 707
390 3 0 439 441 446
391 3 0 11 99 747
392 3 0 449 396 487
393 3 0 788 654 849
394 3 0 396 394 682
395 3 0 291 79 789
396 3 0 142 143 663
397 3 0 352 719 720
398 3 0 431 430 432
399 3 0 394 392 525
400 3 0 707 706 708
401 3 0 421 423 524
402 3 0 317 95 640
403 3 0 477 503 657
404 3 0 456 54 675
405 3 0 490 730 731
406 3 0 726 489 727
407 3 0 720 721 722
408 3 0 89 90 668
409 3 0 449 487 535
410 3 0 524 423 671
411 3 0 426 428 429
412 3 0 692 691 693
413 3 0 457 33 679
414 3 0 51 52 316
415 3 0 702 703 704
416 3 0 53 54 456
417 3 0 30 31 382
418 3 0 55 56 383
419 3 0 32 33 457
420 3 0 392 337 685
421 3 0 329 421 683
422 3 0 394 525 682
423 3 0 401 402 403
424 3 0 86 347 705
425 3 0 293 737 738
426 3 0 290 152 690
427 3 0 57 58 300
428 3 0 28 29 301
429 3 0 143 144 346
430 3 0 86 87 347
431 3 0 293 163 737
432 3 0 348 150 687
433 3 0 702 488 703
434 3 0 731 730 732
435 3 0 726 727 728
436 3 0 696 695 697
437 3 0 449 535 544
438 3 0 683 684 712
439 3 0 145 488 701
440 3 0 686 685 713
441 3 0 59 350 699
442 3 0 351 27 700
443 3 0 712 684 823
444 3 0 686 713 822
445 3 0 558 487 644
446 3 0 525 392 685
447 3 0 421 524 683
448 3 0 382 676 810
449 3 0 75 297 717
450 3 0 159 295 718
451 3 0 87 88 664
452 3 0 769 447 812
453 3 0 34 35 361
454 3 0 150 151 687
455 3 0 504 539 767
456 3 0 626 970 986
457 3 0 340 342 775
458 3 0 334 332 776
459 3 0 429 428 430
460 3 0 350 60 725
461 3 0 26 351 729
462 3 0 52 53 672
463 3 0 31 32 676
464 3 0 739 292 740
465 3 0 749 358 752
466 3 0 465 466 785
467 3 0 29 30 680
468 3 0 56 57 681
469 3 0 593 592 936
470 3 0 559 560 811
471 3 0 154 155 296
472 3 0 75 76 297
473 3 0 162 163 293
474 3 0 159 160 295
475 3 0 67 68 292
476 3 0 70 71 294
477 3 0 659 661 662
478 3 0 299 663 811
479 3 0 73 74 353
480 3 0 468 467 786
481 3 0 157 158 352
482 3 0 355 66 739
483 3 0 326 749 750
484 3 0 9 317 741
485 3 0 503 504 767
486 3 0 145 146 488
487 3 0 84 85 491
488 3 0 58 59 699
489 3 0 27 28 700
490 3 0 397 396 449
491 3 0 144 145 701
492 3 0 59 60 350
493 3 0 26 27 351
494 3 0 907 297 916
495 3 0 49 50 358
496 3 0 61 62 489
497 3 0 24 25 490
498 3 0 67 292 739
499 3 0 750 749 752
500 3 0 326 48 749
501 3 0 419 458 500
502 3 0 140 141 670
503 3 0 477 478 503
504 3 0 421 422 423
505 3 0 393 392 394
506 3 0 85 86 705
507 3 0 49 358 749
508 3 0 504 538 539
509 3 0 395 394 396
510 3 0 157 352 746
511 3 0 423 424 425
512 3 0 476 711 788
513 3 0 74 75 717
514 3 0 397 449 710
515 3 0 158 159 718
516 3 0 453 520 522
517 3 0 446 441 770
518 3 0 342 370 775
519 3 0 371 334 776
520 3 0 415 715 716
521 3 0 80 81 349
522 3 0 149 150 348
523 3 0 801 366 807
524 3 0 90 91 381
525 3 0 139 140 380
526 3 0 367 802 808
527 3 0 164 354 737
528 3 0 552 801 807
529 3 0 454 447 769
530 3 0 802 515 808
531 3 0 60 61 725
532 3 0 25 26 729
533 3 0 94 9 741
534 3 0 163 164 737
535 3 0 709 518 983
536 3 0 370 384 564
537 3 0 385 371 568
538 3 0 339 337 392
539 3 0 329 331 421
540 3 0 463 561 772
541 3 0 375 461 477
542 3 0 463 377 561
543 3 0 701 702 821
544 3 0 156 157 746
545 3 0 717 297 753
546 3 0 646 298 912
547 3 0 560 469 796
548 3 0 80 349 789
549 3 0 689 690 691
550 3 0 693 694 695
551 3 0 530 454 769
552 3 0 559 469 560
553 3 0 107 108 356
554 3 0 109 315 755
555 3 0 575 751 985
556 3 0 66 67 739
557 3 0 452 450 777
558 3 0 356 108 755
559 3 0 370 564 775
560 3 0 568 371 776
561 3 0 466 494 785
562 3 0 316 672 828
563 3 0 588 589 590
564 3 0 48 49 749
565 3 0 464 536 537
566 3 0 586 587 588
567 3 0 590 592 593
568 3 0 539 538 555
569 3 0 588 590 591
570 3 0 588 591 756
571 3 0 110 111 762
572 3 0 315 110 762
573 3 0 759 758 760
574 3 0 464 537 809
575 3 0 112 314 763
576 3 0 164 165 354
577 3 0 65 66 355
578 3 0 586 588 756
579 3 0 758 357 760
580 3 0 762 111 763
581 3 0 588 587 589
582 3 0 553 452 777
583 3 0 118 119 761
584 3 0 119 320 761
585 3 0 590 589 592
586 3 0 108 109 755
587 3 0 594 586 756
588 3 0 319 758 759
589 3 0 586 584 587
590 3 0 13 136 655
591 3 0 498 468 786
592 3 0 585 584 586
593 3 0 111 112 763
594 3 0 41 42 765
595 3 0 313 41 765
596 3 0 45 357 758
597 3 0 43 44 319
598 3 0 116 324 764
599 3 0 119 120 320
600 3 0 122 123 325
601 3 0 45 46 357
602 3 0 44 45 758
603 3 0 319 44 758
604 3 0 47 48 326
605 3 0 116 117 324
606 3 0 115 116 764
607 3 0 109 110 315
608 3 0 40 41 313
609 3 0 38 39 360
610 3 0 36 37 312
611 3 0 112 113 314
612 3 0 114 115 359
613 3 0 359 115 764
614 3 0 585 586 594
615 3 0 584 582 757
616 3 0 571 569 595
617 3 0 587 584 757
618 3 0 565 567 596
619 3 0 720 722 723
620 3 0 585 594 736
621 3 0 666 579 768
622 3 0 674 456 675
623 3 0 580 582 583
624 3 0 583 584 585
625 3 0 583 582 584
626 3 0 581 579 666
627 3 0 580 581 582
628 3 0 357 46 774
629 3 0 47 326 774
630 3 0 826 722 852
631 3 0 581 666 667
632 3 0 578 534 579
633 3 0 429 476 658
634 3 0 577 534 578
635 3 0 580 579 581
636 3 0 414 409 804
637 3 0 494 501 603
638 3 0 615 617 618
639 3 0 578 579 580
640 3 0 523 454 530
641 3 0 395 396 397
642 3 0 533 577 656
643 3 0 425 424 426
644 3 0 579 534 768
645 3 0 537 647 841
646 3 0 534 532 768
647 3 0 419 500 804
648 3 0 533 534 577
649 3 0 46 47 774
650 3 0 636 635 637
651 3 0 118 761 782
652 3 0 634 635 636
653 3 0 503 478 504
654 3 0 533 532 534
655 3 0 529 532 533
656 3 0 532 540 768
657 3 0 324 117 782
658 3 0 734 602 735
659 3 0 589 587 781
660 3 0 514 602 734
661 3 0 390 474 517
662 3 0 602 513 624
663 3 0 472 388 516
664 3 0 423 422 424
665 3 0 405 406 407
666 3 0 40 313 784
667 3 0 360 39 784
668 3 0 393 394 395
669 3 0 477 461 478
670 3 0 532 531 540
671 3 0 624 513 778
672 3 0 689 290 690
673 3 0 509 498 604
674 3 0 512 510 513
675 3 0 421 331 422
676 3 0 514 513 602
677 3 0 339 392 393
678 3 0 512 514 773
679 3 0 527 526 771
680 3 0 657 503 831
681 3 0 552 657 827
682 3 0 641 556 754
683 3 0 529 531 532
684 3 0 399 397 710
685 3 0 529 527 531
686 3 0 528 527 529
687 3 0 502 527 528
688 3 0 512 513 514
689 3 0 618 617 619
690 3 0 556 512 773
691 3 0 693 691 694
692 3 0 511 556 641
693 3 0 603 501 622
694 3 0 507 452 553
695 3 0 674 675 783
696 3 0 531 527 771
697 3 0 587 757 781
698 3 0 511 512 556
699 3 0 537 646 647
700 3 0 516 388 791
701 3 0 375 477 807
702 3 0 390 517 790
703 3 0 325 641 929
704 3 0 561 377 808
705 3 0 117 118 782
706 3 0 678 457 679
707 3 0 333 362 366
708 3 0 364 341 367
709 3 0 435 434 436
710 3 0 502 526 527
711 3 0 575 640 751
712 3 0 614 612 615
713 3 0 513 510 778
714 3 0 550 463 772
715 3 0 660 788 849
716 3 0 39 40 784
717 3 0 509 604 623
718 3 0 409 411 804
719 3 0 499 510 511
720 3 0 511 510 512
721 3 0 537 536 646
722 3 0 385 568 569
723 3 0 564 384 565
724 3 0 502 495 526
725 3 0 757 582 795
726 3 0 697 695 698
727 3 0 581 667 795
728 3 0 611 318 612
729 3 0 593 773 906
730 3 0 499 509 510
731 3 0 497 499 794
732 3 0 102 103 288
733 3 0 130 131 284
734 3 0 5 125 287
735 3 0 105 4 286
736 3 0 99 100 285
737 3 0 127 128 289
738 3 0 510 509 778
739 3 0 303 307 327
740 3 0 309 305 335
741 3 0 294 643 895
742 3 0 823 684 835
743 3 0 686 822 836
744 3 0 366 374 375
745 3 0 376 367 377
746 3 0 509 623 778
747 3 0 398 397 399
748 3 0 426 427 428
749 3 0 501 495 502
750 3 0 523 530 605
751 3 0 571 595 608
752 3 0 596 567 609
753 3 0 336 335 337
754 3 0 327 328 329
755 3 0 504 505 538
756 3 0 676 677 810
757 3 0 474 475 563
758 3 0 473 472 562
759 3 0 495 493 799
760 3 0 411 413 419
761 3 0 522 653 654
762 3 0 684 524 850
763 3 0 525 686 851
764 3 0 485 94 741
765 3 0 494 495 501
766 3 0 375 460 461
767 3 0 462 377 463
768 3 0 549 463 550
769 3 0 400 399 401
770 3 0 338 337 339
771 3 0 329 330 331
772 3 0 616 655 971
773 3 0 382 810 976
774 3 0 650 497 794
775 3 0 868 601 875
776 3 0 494 603 785
777 3 0 499 498 509
778 3 0 155 156 830
779 3 0 551 598 628
780 3 0 597 548 627
781 3 0 518 709 987
782 3 0 557 505 643
783 3 0 475 391 484
784 3 0 389 473 483
785 3 0 459 420 469
786 3 0 541 469 559
787 3 0 395 397 398
788 3 0 458 459 546
789 3 0 777 450 819
790 3 0 426 424 427
791 3 0 342 365 370
792 3 0 363 334 371
793 3 0 493 649 799
794 3 0 430 428 442
795 3 0 511 641 794
796 3 0 366 362 374
797 3 0 364 367 376
798 3 0 504 478 505
799 3 0 398 400 479
800 3 0 604 498 786
801 3 0 462 549 551
802 3 0 547 460 548
803 3 0 419 420 458
804 3 0 370 372 384
805 3 0 373 371 385
806 3 0 542 484 607
807 3 0 483 543 606
808 3 0 422 331 552
809 3 0 339 393 515
810 3 0 358 860 982
811 3 0 363 373 390
812 3 0 372 365 388
813 3 0 375 374 460
814 3 0 376 377 462
815 3 0 390 391 474
816 3 0 389 388 472
817 3 0 451 506 508
818 3 0 461 460 547
819 3 0 462 463 549
820 3 0 766 446 787
821 3 0 443 440 447
822 3 0 508 554 601
823 3 0 407 409 414
824 3 0 582 581 795
825 3 0 329 328 330
826 3 0 336 337 338
827 3 0 79 80 789
828 3 0 464 518 536
829 3 0 538 505 557
830 3 0 333 334 362
831 3 0 342 341 364
832 3 0 398 399 400
833 3 0 407 406 408
834 3 0 771 315 905
835 3 0 475 484 542
836 3 0 483 473 543
837 3 0 327 307 328
838 3 0 309 335 336
839 3 0 448 455 464
840 3 0 474 391 475
841 3 0 389 472 473
842 3 0 523 605 779
843 3 0 333 366 801
844 3 0 367 341 802
845 3 0 551 549 598
846 3 0 547 548 597
847 3 0 814 600 948
848 3 0 479 400 480
849 3 0 400 401 800
850 3 0 401 403 418
851 3 0 370 365 372
852 3 0 363 371 373
853 3 0 286 4 302
854 3 0 5 287 304
855 3 0 321 345 482
856 3 0 678 679 829
857 3 0 810 609 976
858 3 0 459 469 541
859 3 0 599 813 947
860 3 0 615 616 617
861 3 0 344 322 481
862 3 0 455 454 523
863 3 0 570 569 571
864 3 0 565 566 567
865 3 0 96 97 283
866 3 0 133 134 282
867 3 0 390 373 391
868 3 0 372 388 389
869 3 0 458 420 459
870 3 0 499 511 794
871 3 0 413 412 417
872 3 0 362 334 363
873 3 0 342 364 365
874 3 0 419 413 420
875 3 0 526 495 799
876 3 0 385 569 570
877 3 0 303 306 307
878 3 0 308 305 309
879 3 0 565 384 566
880 3 0 330 332 333
881 3 0 340 338 341
882 3 0 521 519 787
883 3 0 478 461 792
884 3 0 497 498 499
885 3 0 567 566 621
886 3 0 570 571 620
887 3 0 519 435 766
888 3 0 286 302 303
889 3 0 304 287 305
890 3 0 494 493 495
891 3 0 448 447 454
892 3 0 393 395 793
893 3 0 709 347 928
894 3 0 330 328 332
895 3 0 336 338 340
896 3 0 411 412 413
897 3 0 328 307 797
898 3 0 333 332 334
899 3 0 340 341 342
900 3 0 309 336 798
901 3 0 461 547 792
902 3 0 466 493 494
903 3 0 708 349 911
904 3 0 713 287 822
905 3 0 286 712 823
906 3 0 304 308 310
907 3 0 306 302 311
908 3 0 568 776 867
909 3 0 346 701 821
910 3 0 436 437 438
911 3 0 775 564 866
912 3 0 493 492 649
913 3 0 631 545 863
914 3 0 496 497 650
915 3 0 506 452 507
916 3 0 466 386 492
917 3 0 643 505 792
918 3 0 480 400 800
919 3 0 387 468 496
920 3 0 573 575 985
921 3 0 364 376 791
922 3 0 374 362 790
923 3 0 303 302 306
924 3 0 304 305 308
925 3 0 464 455 518
926 3 0 497 468 498
927 3 0 51 316 860
928 3 0 687 688 865
929 3 0 469 420 796
930 3 0 615 612 616
931 3 0 505 478 792
932 3 0 508 506 554
933 3 0 552 331 801
934 3 0 339 515 802
935 3 0 601 554 652
936 3 0 331 330 801
937 3 0 398 479 793
938 3 0 338 339 802
939 3 0 546 459 803
940 3 0 395 398 793
941 3 0 451 450 452
942 3 0 411 419 804
943 3 0 436 434 437
944 3 0 515 393 793
945 3 0 366 375 807
946 3 0 377 367 808
947 3 0 672 673 828
948 3 0 448 454 455
949 3 0 416 634 873
950 3 0 561 808 840
951 3 0 444 437 450
952 3 0 413 417 796
953 3 0 363 390 790
954 3 0 388 365 791
955 3 0 436 438 439
956 3 0 365 364 791
957 3 0 362 363 790
958 3 0 340 775 798
959 3 0 443 447 448
960 3 0 776 332 797
961 3 0 438 437 444
962 3 0 411 410 412
963 3 0 310 322 323
964 3 0 451 452 506
965 3 0 756 591 817
966 3 0 321 311 343
967 3 0 441 440 443
968 3 0 409 410 411
969 3 0 348 704 913
970 3 0 330 333 801
971 3 0 341 338 802
972 3 0 401 418 800
973 3 0 343 311 813
974 3 0 785 603 828
975 3 0 310 308 322
976 3 0 306 311 321
977 3 0 420 413 796
978 3 0 466 492 493
979 3 0 345 343 378
980 3 0 484 391 805
981 3 0 389 483 806
982 3 0 600 814 965
983 3 0 441 443 445
984 3 0 345 378 470
985 3 0 323 322 344
986 3 0 435 436 766
987 3 0 321 343 345
988 3 0 595 569 843
989 3 0 565 596 842
990 3 0 323 344 379
991 3 0 287 125 822
992 3 0 105 286 823
993 3 0 496 468 497
994 3 0 379 344 471
995 3 0 444 450 451
996 3 0 373 385 805
997 3 0 384 372 806
998 3 0 441 445 770
999 3 0 385 570 805
1000 3 0 566 384 806
1001 3 0 535 558 863
1002 3 0 459 541 803
1003 3 0 358 50 860
1004 3 0 407 408 409
1005 3 0 813 599 964
1006 3 0 824 551 845
1007 3 0 717 753 870
1008 3 0 548 825 846
1009 3 0 361 35 862
1010 3 0 446 770 889
1011 3 0 606 543 878
1012 3 0 439 438 440
1013 3 0 542 607 879
1014 3 0 332 328 797
1015 3 0 336 340 798
1016 3 0 715 639 834
1017 3 0 465 386 466
1018 3 0 448 464 809
1019 3 0 125 126 822
1020 3 0 104 105 823
1021 3 0 391 373 805
1022 3 0 439 440 441
1023 3 0 372 389 806
1024 3 0 378 343 386
1025 3 0 310 323 814
1026 3 0 422 552 827
1027 3 0 427 424 827
1028 3 0 516 791 824
1029 3 0 790 517 825
1030 3 0 409 408 410
1031 3 0 462 551 824
1032 3 0 548 460 825
1033 3 0 528 752 900
1034 3 0 387 467 468
1035 3 0 15 368 748
1036 3 0 323 379 387
1037 3 0 378 386 465
1038 3 0 447 440 812
1039 3 0 636 637 639
1040 3 0 803 704 977
1041 3 0 730 729 878
1042 3 0 725 726 879
1043 3 0 847 508 868
1044 3 0 772 561 871
1045 3 0 288 103 835
1046 3 0 127 289 836
1047 3 0 387 379 467
1048 3 0 486 12 625
1049 3 0 436 439 766
1050 3 0 321 482 816
1051 3 0 481 322 815
1052 3 0 860 622 982
1053 3 0 38 360 853
1054 3 0 312 37 853
1055 3 0 668 669 912
1056 3 0 424 422 827
1057 3 0 702 704 939
1058 3 0 443 448 809
1059 3 0 156 746 830
1060 3 0 445 443 809
1061 3 0 805 570 832
1062 3 0 566 806 833
1063 3 0 797 307 816
1064 3 0 309 798 815
1065 3 0 607 484 832
1066 3 0 483 606 833
1067 3 0 791 376 824
1068 3 0 374 790 825
1069 3 0 704 348 977
1070 3 0 722 721 852
1071 3 0 642 380 937
1072 3 0 308 309 815
1073 3 0 307 306 816
1074 3 0 284 131 748
1075 3 0 745 744 886
1076 3 0 503 767 831
1077 3 0 376 462 824
1078 3 0 460 374 825
1079 3 0 912 669 961
1080 3 0 804 500 848
1081 3 0 806 483 833
1082 3 0 484 805 832
1083 3 0 440 438 812
1084 3 0 519 766 787
1085 3 0 732 354 914
1086 3 0 355 728 915
1087 3 0 438 444 812
1088 3 0 36 312 862
1089 3 0 317 640 844
1090 3 0 516 824 845
1091 3 0 825 517 846
1092 3 0 656 750 938
1093 3 0 636 639 714
1094 3 0 769 812 847
1095 3 0 665 613 834
1096 3 0 73 353 882
1097 3 0 451 508 847
1098 3 0 719 718 892
1099 3 0 138 625 957
1100 3 0 322 308 815
1101 3 0 306 321 816
1102 3 0 434 432 819
1103 3 0 387 496 814
1104 3 0 378 465 818
1105 3 0 604 786 829
1106 3 0 632 485 633
1107 3 0 458 546 859
1108 3 0 841 745 886
1109 3 0 470 378 818
1110 3 0 492 386 813
1111 3 0 467 379 820
1112 3 0 294 71 888
1113 3 0 573 521 574
1114 3 0 379 471 820
1115 3 0 103 104 835
1116 3 0 126 127 836
1117 3 0 822 126 836
1118 3 0 104 823 835
1119 3 0 102 288 857
1120 3 0 132 133 838
1121 3 0 97 98 839
1122 3 0 437 434 819
1123 3 0 605 530 875
1124 3 0 809 537 841
1125 3 0 570 620 832
1126 3 0 621 566 833
1127 3 0 360 735 963
1128 3 0 743 745 961
1129 3 0 289 128 861
1130 3 0 767 539 837
1131 3 0 561 840 871
1132 3 0 386 343 813
1133 3 0 430 442 854
1134 3 0 543 473 855
1135 3 0 475 542 856
1136 3 0 450 437 819
1137 3 0 285 100 864
1138 3 0 359 667 955
1139 3 0 130 284 869
1140 3 0 772 871 890
1141 3 0 323 387 814
1142 3 0 407 414 858
1143 3 0 70 294 898
1144 3 0 295 160 899
1145 3 0 559 811 967
1146 3 0 574 521 787
1147 3 0 292 68 901
1148 3 0 162 293 902
1149 3 0 640 575 844
1150 3 0 414 804 848
1151 3 0 428 427 872
1152 3 0 572 573 952
1153 3 0 769 847 868
1154 3 0 777 819 854
1155 3 0 524 671 850
1156 3 0 682 525 851
1157 3 0 551 628 845
1158 3 0 627 548 846
1159 3 0 760 578 910
1160 3 0 146 7 942
1161 3 0 2 84 943
1162 3 0 62 1 944
1163 3 0 0 24 945
1164 3 0 7 147 942
1165 3 0 83 2 943
1166 3 0 1 63 944
1167 3 0 167 0 945
1168 3 0 564 565 842
1169 3 0 569 568 843
1170 3 0 780 708 983
1171 3 0 518 780 983
1172 3 0 4 599 947
1173 3 0 626 632 970
1174 3 0 600 5 948
1175 3 0 808 515 840
1176 3 0 444 451 847
1177 3 0 133 282 838
1178 3 0 283 97 839
1179 3 0 812 444 847
1180 3 0 555 538 887
1181 3 0 770 886 940
1182 3 0 106 107 884
1183 3 0 785 828 950
1184 3 0 491 707 943
1185 3 0 647 646 912
1186 3 0 418 403 874
1187 3 0 123 124 885
1188 3 0 922 845 978
1189 3 0 846 921 979
1190 3 0 515 793 840
1191 3 0 727 489 944
1192 3 0 490 731 945
1193 3 0 139 380 919
1194 3 0 573 574 575
1195 3 0 445 809 841
1196 3 0 793 479 840
1197 3 0 692 693 960
1198 3 0 738 737 930
1199 3 0 639 637 834
1200 3 0 502 528 900
1201 3 0 622 501 900
1202 3 0 703 488 942
1203 3 0 831 767 872
1204 3 0 427 831 872
1205 3 0 82 707 911
1206 3 0 580 583 910
1207 3 0 739 740 927
1208 3 0 708 706 983
1209 3 0 773 514 906
1210 3 0 637 665 834
1211 3 0 819 432 854
1212 3 0 754 556 909
1213 3 0 482 345 880
1214 3 0 344 481 881
1215 3 0 540 531 905
1216 3 0 98 11 369
1217 3 0 15 132 368
1218 3 0 37 38 853
1219 3 0 8 485 626
1220 3 0 545 535 863
1221 3 0 500 458 859
1222 3 0 101 102 857
1223 3 0 547 597 895
1224 3 0 840 479 871
1225 3 0 381 91 970
1226 3 0 480 800 852
1227 3 0 432 430 854
1228 3 0 829 361 968
1229 3 0 747 285 981
1230 3 0 609 567 894
1231 3 0 571 608 893
1232 3 0 595 843 880
1233 3 0 842 596 881
1234 3 0 768 540 920
1235 3 0 828 673 950
1236 3 0 405 407 858
1237 3 0 507 753 907
1238 3 0 128 129 861
1239 3 0 473 562 855
1240 3 0 563 475 856
1241 3 0 678 829 951
1242 3 0 353 717 870
1243 3 0 50 51 860
1244 3 0 688 689 972
1245 3 0 575 574 576
1246 3 0 348 687 865
1247 3 0 546 803 977
1248 3 0 677 820 932
1249 3 0 796 417 883
1250 3 0 319 736 958
1251 3 0 474 563 921
1252 3 0 166 731 914
1253 3 0 727 64 915
1254 3 0 562 472 922
1255 3 0 760 357 935
1256 3 0 771 526 924
1257 3 0 811 663 967
1258 3 0 703 148 913
1259 3 0 781 757 953
1260 3 0 100 101 864
1261 3 0 445 841 886
1262 3 0 101 857 864
1263 3 0 346 821 967
1264 3 0 35 36 862
1265 3 0 414 848 960
1266 3 0 533 656 938
1267 3 0 508 601 868
1268 3 0 583 585 946
1269 3 0 528 529 938
1270 3 0 314 113 955
1271 3 0 114 359 955
1272 3 0 129 130 869
1273 3 0 765 42 958
1274 3 0 43 319 958
1275 3 0 122 325 929
1276 3 0 611 614 933
1277 3 0 861 129 869
1278 3 0 634 636 873
1279 3 0 136 486 655
1280 3 0 843 482 880
1281 3 0 481 842 881
1282 3 0 756 817 917
1283 3 0 735 602 963
1284 3 0 549 550 925
1285 3 0 530 769 868
1286 3 0 506 507 907
1287 3 0 829 786 951
1288 3 0 709 928 987
1289 3 0 316 828 966
1290 3 0 479 480 871
1291 3 0 643 792 895
1292 3 0 837 539 926
1293 3 0 575 576 844
1294 3 0 596 609 876
1295 3 0 744 742 949
1296 3 0 848 692 960
1297 3 0 870 555 887
1298 3 0 940 744 949
1299 3 0 736 319 946
1300 3 0 405 858 874
1301 3 0 403 405 874
1302 3 0 553 777 903
1303 3 0 865 546 977
1304 3 0 729 351 878
1305 3 0 350 725 879
1306 3 0 738 922 978
1307 3 0 798 775 866
1308 3 0 776 797 867
1309 3 0 921 740 979
1310 3 0 818 674 931
1311 3 0 626 485 632
1312 3 0 772 890 904
1313 3 0 560 796 883
1314 3 0 442 428 872
1315 3 0 645 631 984
1316 3 0 319 759 946
1317 3 0 815 798 866
1318 3 0 797 816 867
1319 3 0 481 815 866
1320 3 0 149 348 913
1321 3 0 816 482 867
1322 3 0 609 810 876
1323 3 0 670 299 980
1324 3 0 302 4 947
1325 3 0 5 304 948
1326 3 0 368 132 838
1327 3 0 98 369 839
1328 3 0 555 923 926
1329 3 0 349 81 911
1330 3 0 72 882 888
1331 3 0 813 311 947
1332 3 0 72 73 882
1333 3 0 604 829 968
1334 3 0 636 714 873
1335 3 0 656 577 935
1336 3 0 774 656 935
1337 3 0 859 688 972
1338 3 0 354 165 914
1339 3 0 65 355 915
1340 3 0 314 666 920
1341 3 0 310 814 948
1342 3 0 345 470 880
1343 3 0 471 344 881
1344 3 0 871 480 890
1345 3 0 369 11 747
1346 3 0 890 721 904
1347 3 0 71 72 888
1348 3 0 828 603 966
1349 3 0 607 832 896
1350 3 0 833 606 897
1351 3 0 608 595 891
1352 3 0 486 625 642
1353 3 0 770 445 886
1354 3 0 783 608 891
1355 3 0 849 654 981
1356 3 0 818 465 950
1357 3 0 718 295 892
1358 3 0 538 557 887
1359 3 0 500 859 972
1360 3 0 810 677 932
1361 3 0 625 138 919
1362 3 0 467 820 951
1363 3 0 574 787 889
1364 3 0 854 442 903
1365 3 0 937 616 971
1366 3 0 81 82 911
1367 3 0 852 721 890
1368 3 0 315 762 905
1369 3 0 759 760 910
1370 3 0 846 517 921
1371 3 0 516 845 922
1372 3 0 721 719 904
1373 3 0 814 496 965
1374 3 0 592 589 934
1375 3 0 787 446 889
1376 3 0 359 764 953
1377 3 0 619 617 918
1378 3 0 879 726 974
1379 3 0 730 878 973
1380 3 0 782 592 934
1381 3 0 165 166 914
1382 3 0 64 65 915
1383 3 0 298 668 912
1384 3 0 647 912 961
1385 3 0 492 813 964
1386 3 0 870 753 923
1387 3 0 765 594 917
1388 3 0 148 149 913
1389 3 0 653 572 941
1390 3 0 952 573 985
1391 3 0 69 898 901
1392 3 0 899 161 902
1393 3 0 665 638 969
1394 3 0 620 571 893
1395 3 0 567 621 894
1396 3 0 599 106 884
1397 3 0 69 70 898
1398 3 0 160 161 899
1399 3 0 347 664 928
1400 3 0 124 600 885
1401 3 0 792 547 895
1402 3 0 795 359 953
1403 3 0 68 69 901
1404 3 0 161 162 902
1405 3 0 380 670 918
1406 3 0 501 502 900
1407 3 0 763 314 920
1408 3 0 669 381 908
1409 3 0 576 574 889
1410 3 0 617 616 937
1411 3 0 550 892 925
1412 3 0 941 369 962
1413 3 0 514 734 906
1414 3 0 531 771 905
1415 3 0 674 783 931
1416 3 0 480 852 890
1417 3 0 550 772 904
1418 3 0 632 633 908
1419 3 0 578 580 910
1420 3 0 556 773 909
1421 3 0 732 730 973
1422 3 0 726 728 974
1423 3 0 707 708 911
1424 3 0 348 865 977
1425 3 0 860 316 966
1426 3 0 753 507 923
1427 3 0 832 620 896
1428 3 0 621 833 897
1429 3 0 704 703 913
1430 3 0 560 883 954
1431 3 0 353 870 887
1432 3 0 313 765 917
1433 3 0 731 732 914
1434 3 0 728 727 915
1435 3 0 589 781 934
1436 3 0 554 506 907
1437 3 0 777 854 903
1438 3 0 781 324 934
1439 3 0 834 613 933
1440 3 0 442 837 903
1441 3 0 361 862 968
1442 3 0 853 360 963
1443 3 0 613 611 933
1444 3 0 754 121 929
1445 3 0 594 756 917
1446 3 0 355 739 927
1447 3 0 631 748 984
1448 3 0 121 122 929
1449 3 0 625 137 957
1450 3 0 666 768 920
1451 3 0 539 555 926
1452 3 0 737 354 930
1453 3 0 138 139 919
1454 3 0 93 8 626
1455 3 0 517 474 921
1456 3 0 554 907 916
1457 3 0 472 516 922
1458 3 0 889 770 940
1459 3 0 652 554 916
1460 3 0 876 810 932
1461 3 0 821 702 939
1462 3 0 641 754 929
1463 3 0 293 738 978
1464 3 0 740 292 979
1465 3 0 598 549 925
1466 3 0 526 799 924
1467 3 0 715 834 933
1468 3 0 642 937 971
1469 3 0 3 93 986
1470 3 0 541 821 939
1471 3 0 970 92 986
1472 3 0 803 541 939
1473 3 0 324 782 934
1474 3 0 638 645 956
1475 3 0 488 146 942
1476 3 0 84 491 943
1477 3 0 465 785 950
1478 3 0 489 62 944
1479 3 0 24 490 945
1480 3 0 786 467 951
1481 3 0 642 625 919
1482 3 0 357 774 935
1483 3 0 761 320 936
1484 3 0 693 696 960
1485 3 0 663 346 967
1486 3 0 654 653 962
1487 3 0 839 369 941
1488 3 0 529 533 938
1489 3 0 496 650 965
1490 3 0 542 879 974
1491 3 0 878 543 973
1492 3 0 855 732 973
1493 3 0 728 856 974
1494 3 0 470 818 931
1495 3 0 649 492 964
1496 3 0 555 870 923
1497 3 0 655 486 971
1498 3 0 585 736 946
1499 3 0 751 283 985
1500 3 0 383 681 975
1501 3 0 680 382 976
1502 3 0 622 900 982
1503 3 0 757 795 953
1504 3 0 113 114 955
1505 3 0 891 470 931
1506 3 0 320 909 936
1507 3 0 706 709 983
1508 3 0 42 43 958
1509 3 0 624 853 963
1510 3 0 689 692 972
1511 3 0 622 860 966
1512 3 0 311 302 947
1513 3 0 304 310 948
1514 3 0 653 941 962
1515 3 0 91 92 970
1516 3 0 811 560 954
1517 3 0 285 849 981
1518 3 0 602 624 963
1519 3 0 752 358 982
1520 3 0 603 622 966
1521 3 0 820 471 932
1522 3 0 609 894 976
1523 3 0 893 608 975
1524 3 0 623 604 968
1525 3 0 299 811 980
1526 3 0 601 652 959
1527 3 0 862 623 968
1528 3 0 783 891 931
1529 3 0 137 6 957
1530 3 0 892 295 925
1531 3 0 380 918 937
1532 3 0 856 542 974
1533 3 0 543 855 973
1534 3 0 536 518 987
1535 3 0 471 876 932
1536 3 0 875 601 959
1537 3 0 283 839 952
1538 3 0 576 940 949
1539 3 0 291 875 959
1540 3 0 844 576 949
1541 3 0 486 642 971
1542 3 0 838 282 969
1543 3 0 748 368 984
1544 3 0 654 962 981
1545 3 0 845 628 978
1546 3 0 627 846 979
1547 3 0 956 838 969
1548 3 0 962 747 981
1549 3 0 368 838 956
1550 3 0 884 649 964
1551 3 0 599 884 964
1552 3 0 650 885 965
1553 3 0 885 600 965
1554 3 0 638 956 969
1555 3 0 369 747 962
1556 3 0 576 889 940
1557 3 0 918 617 937
1558 3 0 283 952 985
1559 3 0 681 893 975
1560 3 0 894 680 976
1561 3 0 368 956 984
1562 3 0 900 752 982
1563 3 0 956 645 984
1564 3 0 839 941 952
1565 3 0 93 626 986
1566 3 0 941 572 952
1567 3 0 811 954 980
1568 3 0 928 536 987
1569 3 0 954 619 980
1570 3 1 1052 1113 1096
1571 3 1 1096 1113 993
1572 3 1 1067 1071 990
1573 3 1 990 1073 261
1574 3 1 262 1108 263
1575 3 1 1067 1135 1071
1576 3 1 1033 1072 1035
1577 3 1 1071 1135 1053
1578 3 1 1072 1073 990
1579 3 1 1073 1108 262
1580 3 1 117 1120 1105
1581 3 1 114 1115 1104
1582 3 1 1105 1120 1082
1583 3 1 261 1073 262
1584 3 1 989 1077 1054
1585 3 1 1035 1072 1071
1586 3 1 1071 1072 990
1587 3 1 1043 1072 1033
1588 3 1 100 1110 1058
1589 3 1 1104 1115 1080
1590 3 1 1054 1078 989
1591 3 1 1098 1113 1051
1592 3 1 1055 1087 1000
1593 3 1 1021 1102 1023
1594 3 1 1047 1086 1019
1595 3 1 1089 1117 1116
1596 3 1 264 1078 265
1597 3 1 1085 1086 1047
1598 3 1 1116 1117 994
1599 3 1 1000 1088 1055
1600 3 1 1058 1121 100
1601 3 1 263 1108 989
1602 3 1 1056 1057 1008
1603 3 1 1025 1088 1027
1604 3 1 99 1110 100
1605 3 1 1019 1086 1021
1606 3 1 1050 1060 1056
1607 3 1 1086 1102 1021
1608 3 1 989 1078 264
1609 3 1 265 1078 1000
1610 3 1 993 1113 1098
1611 3 1 999 1008 1007
1612 3 1 1010 1056 1008
1613 3 1 1057 1058 1005
1614 3 1 997 1063 271
1615 3 1 1047 1092 1085
1616 3 1 997 1101 1063
1617 3 1 999 1007 273
1618 3 1 1064 1093 1001
1619 3 1 107 1064 1001
1620 3 1 258 1066 1002
1621 3 1 271 1063 272
1622 3 1 1055 1088 1025
1623 3 1 998 1059 122
1624 3 1 1027 1088 1054
1625 3 1 1056 1060 1057
1626 3 1 1047 1094 1092
1627 3 1 1039 1062 1051
1628 3 1 1039 1048 1038
1629 3 1 1008 1057 1007
1630 3 1 1044 1050 1014
1631 3 1 1092 1094 997
1632 3 1 1039 1051 1048
1633 3 1 1036 1061 1046
1634 3 1 1037 1039 1038
1635 3 1 1057 1060 1058
1636 3 1 1007 1057 1005
1637 3 1 1094 1101 997
1638 3 1 274 1007 1005
1639 3 1 274 1005 275
1640 3 1 123 1006 124
1641 3 1 1069 1126 1125
1642 3 1 123 1059 1006
1643 3 1 106 1064 107
1644 3 1 257 1066 258
1645 3 1 1125 1126 1074
1646 3 1 1037 1038 1036
1647 3 1 1043 1073 1072
1648 3 1 1023 1102 1055
1649 3 1 1014 1056 1010
1650 3 1 1042 1044 1014
1651 3 1 272 1063 999
1652 3 1 121 1068 998
1653 3 1 107 1001 108
1654 3 1 258 1002 259
1655 3 1 1012 1014 1010
1656 3 1 1062 1135 1134
1657 3 1 109 1065 991
1658 3 1 260 1067 990
1659 3 1 272 999 273
1660 3 1 1053 1062 1039
1661 3 1 1001 1065 108
1662 3 1 1002 1067 259
1663 3 1 1050 1056 1014
1664 3 1 121 998 122
1665 3 1 1055 1102 1087
1666 3 1 1030 1070 1045
1667 3 1 273 1007 274
1668 3 1 1035 1037 1036
1669 3 1 1048 1049 1038
1670 3 1 1048 1052 1049
1671 3 1 122 1059 123
1672 3 1 1035 1036 1034
1673 3 1 1044 1076 1050
1674 3 1 1054 1088 1078
1675 3 1 1078 1088 1000
1676 3 1 999 1009 1008
1677 3 1 120 1074 1068
1678 3 1 1005 1110 275
1679 3 1 120 1068 121
1680 3 1 1033 1035 1034
1681 3 1 1032 1070 1030
1682 3 1 1038 1061 1036
1683 3 1 1033 1034 1032
1684 3 1 1036 1046 1034
1685 3 1 1012 1042 1014
1686 3 1 1053 1135 1062
1687 3 1 119 1074 120
1688 3 1 996 1074 119
1689 3 1 108 1065 109
1690 3 1 259 1067 260
1691 3 1 1031 1032 1030
1692 3 1 1031 1033 1032
1693 3 1 1009 1010 1008
1694 3 1 995 1086 1085
1695 3 1 1110 1132 275
1696 3 1 1054 1077 1029
1697 3 1 110 1083 111
1698 3 1 991 1083 110
1699 3 1 112 1084 988
1700 3 1 995 1085 268
1701 3 1 268 1085 269
1702 3 1 1083 1084 111
1703 3 1 1037 1053 1039
1704 3 1 1034 1069 1032
1705 3 1 111 1084 112
1706 3 1 1024 1089 1041
1707 3 1 115 994 116
1708 3 1 118 996 119
1709 3 1 267 1087 995
1710 3 1 267 995 268
1711 3 1 270 997 271
1712 3 1 266 1087 267
1713 3 1 260 990 261
1714 3 1 109 991 110
1715 3 1 263 989 264
1716 3 1 112 988 113
1717 3 1 265 1000 266
1718 3 1 1000 1087 266
1719 3 1 1028 1081 1026
1720 3 1 1045 1081 1028
1721 3 1 1030 1045 1028
1722 3 1 1026 1089 1024
1723 3 1 1045 1082 1081
1724 3 1 1022 1079 1020
1725 3 1 1029 1031 1030
1726 3 1 1027 1054 1029
1727 3 1 1029 1030 1028
1728 3 1 1027 1029 1028
1729 3 1 1029 1077 1031
1730 3 1 1027 1028 1026
1731 3 1 1041 1079 1022
1732 3 1 1081 1089 1026
1733 3 1 1018 1090 1040
1734 3 1 1023 1055 1025
1735 3 1 1025 1027 1026
1736 3 1 1024 1041 1022
1737 3 1 1069 1070 1032
1738 3 1 1031 1043 1033
1739 3 1 1025 1026 1024
1740 3 1 1041 1080 1079
1741 3 1 1023 1025 1024
1742 3 1 1020 1090 1018
1743 3 1 1023 1024 1022
1744 3 1 1031 1077 1043
1745 3 1 1021 1023 1022
1746 3 1 1035 1071 1037
1747 3 1 1085 1092 269
1748 3 1 1021 1022 1020
1749 3 1 1079 1090 1020
1750 3 1 270 1092 997
1751 3 1 1017 1047 1019
1752 3 1 1019 1021 1020
1753 3 1 1018 1040 1016
1754 3 1 1001 1103 1065
1755 3 1 1004 1095 1076
1756 3 1 1019 1020 1018
1757 3 1 1093 1103 1001
1758 3 1 1017 1019 1018
1759 3 1 1096 1128 1052
1760 3 1 269 1092 270
1761 3 1 1017 1018 1016
1762 3 1 1040 1091 1016
1763 3 1 1015 1017 1016
1764 3 1 1046 1069 1034
1765 3 1 1016 1091 1013
1766 3 1 1015 1016 1013
1767 3 1 1013 1091 1075
1768 3 1 1013 1075 1012
1769 3 1 1037 1071 1053
1770 3 1 1011 1015 1013
1771 3 1 1012 1075 1042
1772 3 1 1017 1094 1047
1773 3 1 1011 1012 1010
1774 3 1 1011 1013 1012
1775 3 1 999 1063 1009
1776 3 1 1065 1106 991
1777 3 1 1015 1094 1017
1778 3 1 1009 1011 1010
1779 3 1 1051 1127 1098
1780 3 1 989 1108 1077
1781 3 1 1049 1061 1038
1782 3 1 1063 1101 1009
1783 3 1 1015 1101 1094
1784 3 1 1009 1101 1011
1785 3 1 1087 1102 995
1786 3 1 127 993 128
1787 3 1 101 992 102
1788 3 1 1044 1093 1076
1789 3 1 126 1096 127
1790 3 1 102 1095 103
1791 3 1 128 1098 129
1792 3 1 1011 1101 1015
1793 3 1 103 1004 104
1794 3 1 129 1003 130
1795 3 1 992 1121 1060
1796 3 1 1103 1106 1065
1797 3 1 114 1104 115
1798 3 1 125 1097 126
1799 3 1 104 1099 105
1800 3 1 130 1100 131
1801 3 1 1106 1109 991
1802 3 1 1048 1113 1052
1803 3 1 1044 1103 1093
1804 3 1 117 1105 118
1805 3 1 1050 1119 1060
1806 3 1 991 1109 1083
1807 3 1 995 1102 1086
1808 3 1 1060 1121 1058
1809 3 1 127 1096 993
1810 3 1 275 1132 11
1811 3 1 992 1095 102
1812 3 1 993 1098 128
1813 3 1 1059 1124 1006
1814 3 1 103 1095 1004
1815 3 1 129 1098 1003
1816 3 1 1083 1111 1084
1817 3 1 1109 1111 1083
1818 3 1 126 1097 1096
1819 3 1 1111 1112 1084
1820 3 1 1004 1099 104
1821 3 1 1003 1100 130
1822 3 1 1042 1103 1044
1823 3 1 1084 1112 988
1824 3 1 1043 1108 1073
1825 3 1 1118 1123 1061
1826 3 1 1080 1114 1079
1827 3 1 113 1115 114
1828 3 1 1077 1108 1043
1829 3 1 1112 1114 988
1830 3 1 1045 1122 1082
1831 3 1 1041 1116 1080
1832 3 1 115 1104 994
1833 3 1 124 1129 5
1834 3 1 4 1131 106
1835 3 1 15 1130 257
1836 3 1 1081 1117 1089
1837 3 1 1060 1119 992
1838 3 1 1080 1115 1114
1839 3 1 1061 1123 1046
1840 3 1 1124 1128 1006
1841 3 1 118 1105 996
1842 3 1 100 1121 101
1843 3 1 1042 1106 1103
1844 3 1 116 1120 117
1845 3 1 1076 1133 1004
1846 3 1 1049 1118 1061
1847 3 1 1075 1106 1042
1848 3 1 1080 1116 1104
1849 3 1 1062 1127 1051
1850 3 1 1075 1109 1106
1851 3 1 1006 1129 124
1852 3 1 1082 1122 1105
1853 3 1 257 1130 1066
1854 3 1 106 1131 1064
1855 3 1 1095 1119 1076
1856 3 1 1058 1110 1005
1857 3 1 1122 1125 996
1858 3 1 1123 1126 1046
1859 3 1 5 1129 125
1860 3 1 131 1130 15
1861 3 1 105 1131 4
1862 3 1 996 1125 1074
1863 3 1 1046 1126 1069
1864 3 1 1076 1119 1050
1865 3 1 1091 1109 1075
1866 3 1 1104 1116 994
1867 3 1 1093 1133 1076
1868 3 1 1051 1113 1048
1869 3 1 998 1118 1059
1870 3 1 1091 1111 1109
1871 3 1 1003 1107 1100
1872 3 1 1040 1111 1091
1873 3 1 1097 1129 1006
1874 3 1 998 1123 1118
1875 3 1 1040 1112 1111
1876 3 1 1066 1130 1100
1877 3 1 1064 1131 1099
1878 3 1 1090 1112 1040
1879 3 1 1066 1134 1002
1880 3 1 1098 1127 1003
1881 3 1 1090 1114 1112
1882 3 1 1100 1107 1066
1883 3 1 1079 1114 1090
1884 3 1 988 1115 113
1885 3 1 1105 1122 996
1886 3 1 1089 1116 1041
1887 3 1 1114 1115 988
1888 3 1 1068 1123 998
1889 3 1 1064 1133 1093
1890 3 1 994 1120 116
1891 3 1 1097 1128 1096
1892 3 1 1070 1122 1045
1893 3 1 1082 1117 1081
1894 3 1 1070 1125 1122
1895 3 1 1068 1126 1123
1896 3 1 1107 1127 1062
1897 3 1 1074 1126 1068
1898 3 1 1052 1124 1049
1899 3 1 1099 1133 1064
1900 3 1 1069 1125 1070
1901 3 1 1002 1135 1067
1902 3 1 101 1121 992
1903 3 1 992 1119 1095
1904 3 1 11 1132 99
1905 3 1 1134 1135 1002
1906 3 1 125 1129 1097
1907 3 1 1099 1131 105
1908 3 1 1100 1130 131
1909 3 1 1052 1128 1124
1910 3 1 1006 1128 1097
1911 3 1 1004 1133 1099
1912 3 1 1062 1134 1107
1913 3 1 1003 1127 1107
1914 3 1 1107 1134 1066
1915 3 1 1117 1120 994
1916 3 1 1049 1124 1118
1917 3 1 99 1132 1110
1918 3 1 1082 1120 1117
1919 3 1 1118 1124 1059
1920 3 2 1157 1162 1163
1921 3 2 1138 1157 1163
1922 3 2 1147 1155 1164
1923 3 2 1164 1155 1168
1924 3 2 1171 1156 1172
1925 3 2 1149 1156 1171
1926 3 2 1152 255 1176
1927 3 2 1143 1150 1158
1928 3 2 1146 1136 1159
1929 3 2 1136 1146 1160
1930 3 2 1146 1137 1160
1931 3 2 1137 1146 1161
1932 3 2 1136 1157 1159
1933 3 2 1157 1136 1162
1934 3 2 1147 1137 1161
1935 3 2 1137 1147 1164
1936 3 2 1148 1138 1163
1937 3 2 1138 1148 1165
1938 3 2 1148 1139 1165
1939 3 2 1139 1148 1166
1940 3 2 1140 1155 1167
1941 3 2 1155 1140 1168
1942 3 2 1149 1140 1167
1943 3 2 1140 1149 1171
1944 3 2 1142 1156 1169
1945 3 2 1150 1143 1170
1946 3 2 1150 1142 1169
1947 3 2 1142 1150 1170
1948 3 2 1156 1142 1172
1949 3 2 256 255 1152
1950 3 2 1154 1139 1166
1951 3 2 255 1143 1176
1952 3 2 1154 1166 1175
1953 3 2 1139 1154 1177
1954 3 2 1144 1151 1180
1955 3 2 10 256 1178
1956 3 2 238 14 1179
1957 3 2 275 11 1180
1958 3 2 15 257 1181
1959 3 2 1173 1141 1179
1960 3 2 1153 1145 1181
1961 3 2 1151 1144 1152
1962 3 2 1150 273 1158
1963 3 2 1141 1153 1154
1964 3 2 266 267 1147
1965 3 2 270 271 1156
1966 3 2 269 270 1149
1967 3 2 262 263 1157
1968 3 2 261 262 1138
1969 3 2 1138 262 1157
1970 3 2 259 260 1139
1971 3 2 255 254 1143
1972 3 2 267 268 1155
1973 3 2 242 241 1148
1974 3 2 1149 270 1156
1975 3 2 247 246 1137
1976 3 2 264 265 1146
1977 3 2 245 244 1136
1978 3 2 239 238 1141
1979 3 2 253 252 1142
1980 3 2 250 249 1140
1981 3 2 272 273 1150
1982 3 2 1147 267 1155
1983 3 2 1141 238 1179
1984 3 2 1151 275 1180
1985 3 2 274 275 1151
1986 3 2 256 1152 1178
1987 3 2 266 1147 1161
1988 3 2 1157 263 1159
1989 3 2 1137 246 1160
1990 3 2 264 1146 1159
1991 3 2 245 1136 1160
1992 3 2 1146 265 1161
1993 3 2 247 1137 1164
1994 3 2 1136 244 1162
1995 3 2 242 1148 1163
1996 3 2 1155 268 1167
1997 3 2 1139 260 1165
1998 3 2 261 1138 1165
1999 3 2 1156 271 1169
2000 3 2 269 1149 1167
2001 3 2 1148 241 1166
2002 3 2 1140 249 1168
2003 3 2 250 1140 1171
2004 3 2 1143 254 1170
2005 3 2 253 1142 1170
2006 3 2 272 1150 1169
2007 3 2 1142 252 1172
2008 3 2 273 274 1158
2009 3 2 263 264 1159
2010 3 2 246 245 1160
2011 3 2 265 266 1161
2012 3 2 244 243 1162
2013 3 2 1162 243 1163
2014 3 2 243 242 1163
2015 3 2 248 247 1164
2016 3 2 260 261 1165
2017 3 2 248 1164 1168
2018 3 2 241 240 1166
2019 3 2 268 269 1167
2020 3 2 249 248 1168
2021 3 2 251 250 1171
2022 3 2 254 253 1170
2023 3 2 271 272 1169
2024 3 2 251 1171 1172
2025 3 2 252 251 1172
2026 3 2 257 1153 1181
2027 3 2 257 258 1153
2028 3 2 274 1151 1158
2029 3 2 1154 1153 1177
2030 3 2 239 1141 1175
2031 3 2 259 1139 1177
2032 3 2 1141 1154 1175
2033 3 2 1153 258 1177
2034 3 2 1166 240 1175
2035 3 2 134 133 1173
2036 3 2 98 97 1144
2037 3 2 133 132 1145
2038 3 2 1152 1174 1178
2039 3 2 1153 1141 1182
2040 3 2 1145 1153 1182
2041 3 2 97 96 1174
2042 3 2 1152 1144 1174
2043 3 2 1141 1173 1182
2044 3 2 14 134 1179
2045 3 2 11 98 1180
2046 3 2 132 15 1181
2047 3 2 96 10 1178
2048 3 2 1158 1151 1176
2049 3 2 133 1145 1173
2050 3 2 240 239 1175
2051 3 2 1144 97 1174
2052 3 2 258 259 1177
2053 3 2 1143 1158 1176
2054 3 2 1151 1152 1176
2055 3 2 134 1173 1179
2056 3 2 98 1144 1180
2057 3 2 1145 132 1181
2058 3 2 1174 96 1178
2059 3 2 1173 1145 1182
2060 3 3 244 245 1183
2061 3 3 228 227 1184
2062 3 3 224 223 1185
2063 3 3 247 248 1191
2064 3 3 240 241 1186
2065 3 3 249 250 1187
2066 3 3 238 239 1189
2067 3 3 252 253 1190
2068 3 3 254 255 1188
2069 3 3 1184 227 1199
2070 3 3 224 1185 1198
2071 3 3 1186 241 1197
2072 3 3 232 1194 1200
2073 3 3 233 232 1200
2074 3 3 227 226 1199
2075 3 3 225 224 1198
2076 3 3 241 242 1197
2077 3 3 230 229 1192
2078 3 3 221 220 1193
2079 3 3 232 231 1194
2080 3 3 235 234 1196
2081 3 3 237 236 1195
2082 3 3 1191 248 1192
2083 3 3 249 1187 1192
2084 3 3 240 1186 1193
2085 3 3 1187 250 1194
2086 3 3 1189 239 1193
2087 3 3 1190 253 1196
2088 3 3 254 1188 1196
2089 3 3 1188 255 1195
2090 3 3 228 1184 1191
2091 3 3 1184 247 1191
2092 3 3 244 1183 1198
2093 3 3 1183 245 1199
2094 3 3 1185 223 1197
2095 3 3 252 1190 1200
2096 3 3 1187 230 1192
2097 3 3 231 1187 1194
2098 3 3 1186 221 1193
2099 3 3 220 1189 1193
2100 3 3 229 1191 1192
2101 3 3 234 1190 1196
2102 3 3 1188 235 1196
2103 3 3 236 1188 1195
2104 3 3 226 1183 1199
2105 3 3 1183 225 1198
2106 3 3 242 1185 1197
2107 3 3 1190 233 1200
2108 3 3 238 1189 1201
2109 3 3 237 1195 1202
2110 3 3 1194 251 1200
2111 3 3 248 249 1192
2112 3 3 239 240 1193
2113 3 3 250 251 1194
2114 3 3 253 254 1196
2115 3 3 255 256 1195
2116 3 3 243 244 1198
2117 3 3 245 246 1199
2118 3 3 246 1184 1199
2119 3 3 1185 243 1198
2120 3 3 223 222 1197
2121 3 3 222 1186 1197
2122 3 3 251 252 1200
2123 3 3 229 228 1191
2124 3 3 242 243 1185
2125 3 3 222 221 1186
2126 3 3 236 235 1188
2127 3 3 246 247 1184
2128 3 3 234 233 1190
2129 3 3 231 230 1187
2130 3 3 226 225 1183
2131 3 3 220 219 1189
2132 3 3 14 238 1201
2133 3 3 135 14 1201
2134 3 3 95 9 1202
2135 3 3 9 237 1202
2136 3 3 1195 256 1203
2137 3 3 1189 219 1204
2138 3 3 1202 1195 1203
2139 3 3 1201 1189 1204
2140 3 3 256 10 1203
2141 3 3 10 95 1203
2142 3 3 219 13 1204
2143 3 3 13 135 1204
2144 3 3 135 1201 1204
2145 3 3 95 1202 1203
2146 3 4 225 226 1205
2147 3 4 209 208 1206
2148 3 4 205 204 1207
2149 3 4 228 229 1213
2150 3 4 221 222 1208
2151 3 4 230 231 1209
2152 3 4 201 200 1211
2153 3 4 233 234 1212
2154 3 4 235 236 1210
2155 3 4 1206 208 1220
2156 3 4 205 1207 1219
2157 3 4 1208 222 1218
2158 3 4 221 1208 1221
2159 3 4 213 1215 1222
2160 3 4 214 213 1222
2161 3 4 208 207 1220
2162 3 4 206 205 1219
2163 3 4 222 223 1218
2164 3 4 220 221 1221
2165 3 4 211 210 1214
2166 3 4 213 212 1215
2167 3 4 216 215 1217
2168 3 4 218 217 1216
2169 3 4 1213 229 1214
2170 3 4 230 1209 1214
2171 3 4 1209 231 1215
2172 3 4 1212 234 1217
2173 3 4 235 1210 1217
2174 3 4 1210 236 1216
2175 3 4 209 1206 1213
2176 3 4 1206 228 1213
2177 3 4 225 1205 1219
2178 3 4 1205 226 1220
2179 3 4 1207 204 1218
2180 3 4 201 1211 1221
2181 3 4 233 1212 1222
2182 3 4 1209 211 1214
2183 3 4 212 1209 1215
2184 3 4 210 1213 1214
2185 3 4 215 1212 1217
2186 3 4 1210 216 1217
2187 3 4 217 1210 1216
2188 3 4 207 1205 1220
2189 3 4 1205 206 1219
2190 3 4 223 1207 1218
2191 3 4 1211 220 1221
2192 3 4 1212 214 1222
2193 3 4 1211 200 1223
2194 3 4 218 1216 1224
2195 3 4 1215 232 1222
2196 3 4 229 230 1214
2197 3 4 231 232 1215
2198 3 4 234 235 1217
2199 3 4 236 237 1216
2200 3 4 224 225 1219
2201 3 4 226 227 1220
2202 3 4 227 1206 1220
2203 3 4 1207 224 1219
2204 3 4 204 203 1218
2205 3 4 202 201 1221
2206 3 4 203 1208 1218
2207 3 4 1208 202 1221
2208 3 4 232 233 1222
2209 3 4 210 209 1213
2210 3 4 223 224 1207
2211 3 4 203 202 1208
2212 3 4 217 216 1210
2213 3 4 227 228 1206
2214 3 4 215 214 1212
2215 3 4 212 211 1209
2216 3 4 207 206 1205
2217 3 4 219 220 1211
2218 3 4 200 12 1223
2219 3 4 12 136 1223
2220 3 4 94 8 1224
2221 3 4 8 218 1224
2222 3 4 1216 237 1225
2223 3 4 219 1211 1226
2224 3 4 1224 1216 1225
2225 3 4 1211 1223 1226
2226 3 4 237 9 1225
2227 3 4 9 94 1225
2228 3 4 13 219 1226
2229 3 4 136 13 1226
2230 3 4 1223 136 1226
2231 3 4 94 1224 1225
2232 3 5 1239 208 1248
2233 3 5 1242 1228 1253
2234 3 5 199 198 1270
2235 3 5 186 1230 1233
2236 3 5 137 12 1265
2237 3 5 8 93 1266
2238 3 5 1248 208 1249
2239 3 5 1235 1234 1237
2240 3 5 210 1234 1235
2241 3 5 18 185 1239
2242 3 5 12 200 1265
2243 3 5 218 8 1266
2244 3 5 1238 1227 1242
2245 3 5 191 1228 1242
2246 3 5 176 16 1241
2247 3 5 6 137 1265
2248 3 5 93 3 1266
2249 3 5 18 1239 1248
2250 3 5 207 208 1239
2251 3 5 1246 175 1250
2252 3 5 1253 1228 1270
2253 3 5 191 1242 1269
2254 3 5 202 1261 1264
2255 3 5 1262 216 1263
2256 3 5 177 6 1265
2257 3 5 3 168 1266
2258 3 5 198 1229 1270
2259 3 5 1227 1237 1243
2260 3 5 202 203 1261
2261 3 5 215 216 1262
2262 3 5 209 210 1235
2263 3 5 1231 1232 1268
2264 3 5 1236 1235 1240
2265 3 5 216 1260 1263
2266 3 5 1259 202 1264
2267 3 5 201 202 1259
2268 3 5 216 217 1260
2269 3 5 1233 1230 1234
2270 3 5 17 199 1270
2271 3 5 1237 1227 1238
2272 3 5 211 1241 1247
2273 3 5 1244 184 1245
2274 3 5 212 1246 1250
2275 3 5 1238 1242 1253
2276 3 5 1237 1230 1243
2277 3 5 175 176 1250
2278 3 5 1232 18 1248
2279 3 5 208 209 1236
2280 3 5 203 204 1257
2281 3 5 214 215 1258
2282 3 5 1241 211 1250
2283 3 5 203 1257 1261
2284 3 5 1258 215 1262
2285 3 5 185 184 1244
2286 3 5 200 201 1255
2287 3 5 217 218 1256
2288 3 5 204 205 1251
2289 3 5 213 214 1252
2290 3 5 1253 1229 1254
2291 3 5 184 183 1245
2292 3 5 174 175 1246
2293 3 5 1236 1254 1268
2294 3 5 1255 201 1259
2295 3 5 217 1256 1260
2296 3 5 208 1236 1249
2297 3 5 1235 1238 1240
2298 3 5 1234 1230 1237
2299 3 5 206 207 1244
2300 3 5 183 182 1251
2301 3 5 173 174 1252
2302 3 5 212 213 1246
2303 3 5 205 206 1245
2304 3 5 206 1244 1245
2305 3 5 188 189 1243
2306 3 5 1240 1238 1253
2307 3 5 194 193 1232
2308 3 5 211 212 1250
2309 3 5 178 177 1255
2310 3 5 168 169 1256
2311 3 5 207 1239 1244
2312 3 5 204 1251 1257
2313 3 5 1252 214 1258
2314 3 5 1245 183 1251
2315 3 5 174 1246 1252
2316 3 5 210 211 1247
2317 3 5 196 195 1231
2318 3 5 1239 185 1244
2319 3 5 182 181 1257
2320 3 5 172 173 1258
2321 3 5 179 178 1259
2322 3 5 169 170 1260
2323 3 5 1242 1227 1269
2324 3 5 181 180 1261
2325 3 5 171 172 1262
2326 3 5 170 171 1263
2327 3 5 180 179 1264
2328 3 5 16 1233 1241
2329 3 5 1251 182 1257
2330 3 5 173 1252 1258
2331 3 5 1254 1229 1267
2332 3 5 190 191 1269
2333 3 5 1232 1248 1249
2334 3 5 178 1255 1259
2335 3 5 1256 169 1260
2336 3 5 198 197 1229
2337 3 5 1254 1231 1268
2338 3 5 1257 181 1261
2339 3 5 172 1258 1262
2340 3 5 179 1259 1264
2341 3 5 1260 170 1263
2342 3 5 209 1235 1236
2343 3 5 1233 1234 1247
2344 3 5 1261 180 1264
2345 3 5 171 1262 1263
2346 3 5 1229 1253 1270
2347 3 5 187 188 1230
2348 3 5 1228 17 1270
2349 3 5 205 1245 1251
2350 3 5 1246 213 1252
2351 3 5 1234 210 1247
2352 3 5 1232 1249 1268
2353 3 5 189 190 1227
2354 3 5 1241 1233 1247
2355 3 5 192 17 1228
2356 3 5 1231 1254 1267
2357 3 5 1249 1236 1268
2358 3 5 176 1241 1250
2359 3 5 200 1255 1265
2360 3 5 1256 218 1266
2361 3 5 1255 177 1265
2362 3 5 168 1256 1266
2363 3 5 1236 1240 1254
2364 3 5 197 196 1267
2365 3 5 189 1227 1243
2366 3 5 1230 188 1243
2367 3 5 1235 1237 1238
2368 3 5 16 186 1233
2369 3 5 1229 197 1267
2370 3 5 196 1231 1267
2371 3 5 1227 190 1269
2372 3 5 1240 1253 1254
2373 3 5 186 187 1230
2374 3 5 193 18 1232
2375 3 5 191 192 1228
2376 3 5 195 194 1231
2377 3 5 1231 194 1232
2378 3 6 277 18 1287
2379 3 6 16 276 1288
2380 3 6 1275 21 1277
2381 3 6 22 1278 1284
2382 3 6 186 16 1288
2383 3 6 18 193 1287
2384 3 6 21 1275 1279
2385 3 6 21 281 1277
2386 3 6 1277 281 1283
2387 3 6 281 23 1283
2388 3 6 1280 1272 1281
2389 3 6 1281 1271 1283
2390 3 6 1280 1281 1283
2391 3 6 191 190 1275
2392 3 6 20 277 1287
2393 3 6 276 19 1288
2394 3 6 1277 1271 1282
2395 3 6 197 198 1276
2396 3 6 23 280 1280
2397 3 6 189 188 1274
2398 3 6 195 196 1273
2399 3 6 1271 1277 1283
2400 3 6 198 199 1272
2401 3 6 199 17 1281
2402 3 6 17 192 1271
2403 3 6 1272 1280 1284
2404 3 6 192 191 1282
2405 3 6 187 186 1286
2406 3 6 193 194 1285
2407 3 6 191 1275 1282
2408 3 6 198 1272 1276
2409 3 6 188 187 1290
2410 3 6 194 195 1289
2411 3 6 1275 1277 1282
2412 3 6 190 189 1279
2413 3 6 1272 199 1281
2414 3 6 17 1271 1281
2415 3 6 196 197 1278
2416 3 6 1271 192 1282
2417 3 6 280 22 1284
2418 3 6 1280 280 1284
2419 3 6 23 1280 1283
2420 3 6 189 1274 1279
2421 3 6 1273 196 1278
2422 3 6 187 1286 1290
2423 3 6 1285 194 1289
2424 3 6 1276 1272 1284
2425 3 6 1275 190 1279
2426 3 6 195 1273 1289
2427 3 6 1274 188 1290
2428 3 6 197 1276 1278
2429 3 6 193 1285 1287
2430 3 6 1286 186 1288
2431 3 6 1286 278 1290
2432 3 6 279 1285 1289
2433 3 6 19 278 1288
2434 3 6 278 1286 1288
2435 3 6 1285 279 1287
2436 3 6 279 20 1287
2437 3 6 278 21 1274
2438 3 6 1274 21 1279
2439 3 6 22 279 1273
2440 3 6 22 1273 1278
2441 3 6 278 1274 1290
2442 3 6 1273 279 1289
2443 3 6 1278 1276 1284
