0 -30.0000 0.0000 -1 0
1 30.0000 0.0000 -1 0
2 30.0000 32.0000 -1 0
3 15.0000 32.0000 0 0
4 15.0000 10.0000 0 0
5 -15.0000 10.0000 0 0
6 -15.0000 32.0000 0 0
7 -30.0000 32.0000 -1 0
8 15.0000 30.0000 0 0
9 15.0000 27.0000 0 0
10 15.0000 24.0000 0 0
11 15.0000 20.0000 0 0
12 -15.0000 30.0000 0 0
13 -15.0000 27.0000 0 0
14 -15.0000 24.0000 0 0
15 -15.0000 20.0000 0 0
16 2.0000 32.0000 0 0
17 0.0000 32.0000 0 0
18 -2.0000 32.0000 0 0
19 2.0000 32.5000 0 0
20 -2.0000 32.5000 0 0
21 0.5000 32.5000 0 0
22 -0.5000 32.5000 0 0
23 0.0000 32.5000 0 0
24 -28.5000 0.0000 0 -1
25 -27.0000 0.0000 0 -1
26 -25.5000 0.0000 0 -1
27 -24.0000 0.0000 0 -1
28 -22.5000 0.0000 0 -1
29 -21.0000 0.0000 0 -1
30 -19.5000 0.0000 0 -1
31 -18.0000 0.0000 0 -1
32 -16.5000 0.0000 0 -1
33 -15.0000 0.0000 0 -1
34 -13.5000 0.0000 0 -1
35 -12.0000 0.0000 0 -1
36 -10.5000 0.0000 0 -1
37 -9.0000 0.0000 0 -1
38 -7.5000 0.0000 0 -1
39 -6.0000 0.0000 0 -1
40 -4.5000 0.0000 0 -1
41 -3.0000 0.0000 0 -1
42 -1.5000 0.0000 0 -1
43 -0.0000 0.0000 0 -1
44 1.5000 0.0000 0 -1
45 3.0000 0.0000 0 -1
46 4.5000 0.0000 0 -1
47 6.0000 0.0000 0 -1
48 7.5000 0.0000 0 -1
49 9.0000 0.0000 0 -1
50 10.5000 0.0000 0 -1
51 12.0000 0.0000 0 -1
52 13.5000 0.0000 0 -1
53 15.0000 0.0000 0 -1
54 16.5000 0.0000 0 -1
55 18.0000 0.0000 0 -1
56 19.5000 0.0000 0 -1
57 21.0000 0.0000 0 -1
58 22.5000 0.0000 0 -1
59 24.0000 0.0000 0 -1
60 25.5000 0.0000 0 -1
61 27.0000 0.0000 0 -1
62 28.5000 0.0000 0 -1
63 30.0000 1.4545 -1 0
64 30.0000 2.9091 -1 0
65 30.0000 4.3636 -1 0
66 30.0000 5.8182 -1 0
67 30.0000 7.2727 -1 0
68 30.0000 8.7273 -1 0
69 30.0000 10.1818 -1 0
70 30.0000 11.6364 -1 0
71 30.0000 13.0909 -1 0
72 30.0000 14.5455 -1 0
73 30.0000 16.0000 -1 0
74 30.0000 17.4545 -1 0
75 30.0000 18.9091 -1 0
76 30.0000 20.3636 -1 0
77 30.0000 21.8182 -1 0
78 30.0000 23.2727 -1 0
79 30.0000 24.7273 -1 0
80 30.0000 26.1818 -1 0
81 30.0000 27.6364 -1 0
82 30.0000 29.0909 -1 0
83 30.0000 30.5455 -1 0
84 28.5000 32.0000 0 0
85 27.0000 32.0000 0 0
86 25.5000 32.0000 0 0
87 24.0000 32.0000 0 0
88 22.5000 32.0000 0 0
89 21.0000 32.0000 0 0
90 19.5000 32.0000 0 0
91 18.0000 32.0000 0 0
92 16.5000 32.0000 0 0
93 15.0000 31.0000 0 0
94 15.0000 28.5000 0 0
95 15.0000 25.5000 0 0
96 15.0000 23.0000 0 0
97 15.0000 22.0000 0 0
98 15.0000 21.0000 0 0
99 15.0000 18.7500 0 0
100 15.0000 17.5000 0 0
101 15.0000 16.2500 0 0
102 15.0000 15.0000 0 0
103 15.0000 13.7500 0 0
104 15.0000 12.5000 0 0
105 15.0000 11.2500 0 0
106 13.5000 10.0000 0 0
107 12.0000 10.0000 0 0
108 10.5000 10.0000 0 0
109 9.0000 10.0000 0 0
110 7.5000 10.0000 0 0
111 6.0000 10.0000 0 0
112 4.5000 10.0000 0 0
113 3.0000 10.0000 0 0
114 1.5000 10.0000 0 0
115 0.0000 10.0000 0 0
116 -1.5000 10.0000 0 0
117 -3.0000 10.0000 0 0
118 -4.5000 10.0000 0 0
119 -6.0000 10.0000 0 0
120 -7.5000 10.0000 0 0
121 -9.0000 10.0000 0 0
122 -10.5000 10.0000 0 0
123 -12.0000 10.0000 0 0
124 -13.5000 10.0000 0 0
125 -15.0000 11.2500 0 0
126 -15.0000 12.5000 0 0
127 -15.0000 13.7500 0 0
128 -15.0000 15.0000 0 0
129 -15.0000 16.2500 0 0
130 -15.0000 17.5000 0 0
131 -15.0000 18.7500 0 0
132 -15.0000 21.0000 0 0
133 -15.0000 22.0000 0 0
134 -15.0000 23.0000 0 0
135 -15.0000 25.5000 0 0
136 -15.0000 28.5000 0 0
137 -15.0000 31.0000 0 0
138 -16.5000 32.0000 0 0
139 -18.0000 32.0000 0 0
140 -19.5000 32.0000 0 0
141 -21.0000 32.0000 0 0
142 -22.5000 32.0000 0 0
143 -24.0000 32.0000 0 0
144 -25.5000 32.0000 0 0
145 -27.0000 32.0000 0 0
146 -28.5000 32.0000 0 0
147 -30.0000 30.5455 -1 0
148 -30.0000 29.0909 -1 0
149 -30.0000 27.6364 -1 0
150 -30.0000 26.1818 -1 0
151 -30.0000 24.7273 -1 0
152 -30.0000 23.2727 -1 0
153 -30.0000 21.8182 -1 0
154 -30.0000 20.3636 -1 0
155 -30.0000 18.9091 -1 0
156 -30.0000 17.4545 -1 0
157 -30.0000 16.0000 -1 0
158 -30.0000 14.5455 -1 0
159 -30.0000 13.0909 -1 0
160 -30.0000 11.6364 -1 0
161 -30.0000 10.1818 -1 0
162 -30.0000 8.7273 -1 0
163 -30.0000 7.2727 -1 0
164 -30.0000 5.8182 -1 0
165 -30.0000 4.3636 -1 0
166 -30.0000 2.9091 -1 0
167 -30.0000 1.4545 -1 0
168 13.7000 32.0000 0 0
169 12.4000 32.0000 0 0
170 11.1000 32.0000 0 0
171 9.8000 32.0000 0 0
172 8.5000 32.0000 0 0
173 7.2000 32.0000 0 0
174 5.9000 32.0000 0 0
175 4.6000 32.0000 0 0
176 3.3000 32.0000 0 0
177 -13.7000 32.0000 0 0
178 -12.4000 32.0000 0 0
179 -11.1000 32.0000 0 0
180 -9.8000 32.0000 0 0
181 -8.5000 32.0000 0 0
182 -7.2000 32.0000 0 0
183 -5.9000 32.0000 0 0
184 -4.6000 32.0000 0 0
185 -3.3000 32.0000 0 0
186 1.6305 32.0000 0 0
187 1.2609 32.0000 0 0
188 0.9863 32.0000 0 0
189 0.7116 32.0000 0 0
190 0.5075 32.0000 0 0
191 0.3034 32.0000 0 0
192 0.1517 32.0000 0 0
193 -1.6305 32.0000 0 0
194 -1.2609 32.0000 0 0
195 -0.9863 32.0000 0 0
196 -0.7116 32.0000 0 0
197 -0.5075 32.0000 0 0
198 -0.3034 32.0000 0 0
199 -0.1517 32.0000 0 0
200 -13.5000 30.0000 0 0
201 -12.0000 30.0000 0 0
202 -10.5000 30.0000 0 0
203 -9.0000 30.0000 0 0
204 -7.5000 30.0000 0 0
205 -6.0000 30.0000 0 0
206 -4.5000 30.0000 0 0
207 -3.0000 30.0000 0 0
208 -1.5000 30.0000 0 0
209 -0.0000 30.0000 0 0
210 1.5000 30.0000 0 0
211 3.0000 30.0000 0 0
212 4.5000 30.0000 0 0
213 6.0000 30.0000 0 0
214 7.5000 30.0000 0 0
215 9.0000 30.0000 0 0
216 10.5000 30.0000 0 0
217 12.0000 30.0000 0 0
218 13.5000 30.0000 0 0
219 -13.5000 27.0000 0 0
220 -12.0000 27.0000 0 0
221 -10.5000 27.0000 0 0
222 -9.0000 27.0000 0 0
223 -7.5000 27.0000 0 0
224 -6.0000 27.0000 0 0
225 -4.5000 27.0000 0 0
226 -3.0000 27.0000 0 0
227 -1.5000 27.0000 0 0
228 -0.0000 27.0000 0 0
229 1.5000 27.0000 0 0
230 3.0000 27.0000 0 0
231 4.5000 27.0000 0 0
232 6.0000 27.0000 0 0
233 7.5000 27.0000 0 0
234 9.0000 27.0000 0 0
235 10.5000 27.0000 0 0
236 12.0000 27.0000 0 0
237 13.5000 27.0000 0 0
238 -13.5000 24.0000 0 0
239 -12.0000 24.0000 0 0
240 -10.5000 24.0000 0 0
241 -9.0000 24.0000 0 0
242 -7.5000 24.0000 0 0
243 -6.0000 24.0000 0 0
244 -4.5000 24.0000 0 0
245 -3.0000 24.0000 0 0
246 -1.5000 24.0000 0 0
247 -0.0000 24.0000 0 0
248 1.5000 24.0000 0 0
249 3.0000 24.0000 0 0
250 4.5000 24.0000 0 0
251 6.0000 24.0000 0 0
252 7.5000 24.0000 0 0
253 9.0000 24.0000 0 0
254 10.5000 24.0000 0 0
255 12.0000 24.0000 0 0
256 13.5000 24.0000 0 0
257 -13.5000 20.0000 0 0
258 -12.0000 20.0000 0 0
259 -10.5000 20.0000 0 0
260 -9.0000 20.0000 0 0
261 -7.5000 20.0000 0 0
262 -6.0000 20.0000 0 0
263 -4.5000 20.0000 0 0
264 -3.0000 20.0000 0 0
265 -1.5000 20.0000 0 0
266 -0.0000 20.0000 0 0
267 1.5000 20.0000 0 0
268 3.0000 20.0000 0 0
269 4.5000 20.0000 0 0
270 6.0000 20.0000 0 0
271 7.5000 20.0000 0 0
272 9.0000 20.0000 0 0
273 10.5000 20.0000 0 0
274 12.0000 20.0000 0 0
275 13.5000 20.0000 0 0
276 2.0000 32.2500 0 0
277 -2.0000 32.2500 0 0
278 1.2500 32.5000 0 0
279 -1.2500 32.5000 0 0
280 -0.2500 32.5000 0 0
281 0.2500 32.5000 0 0
282 -15.8660 22.5000 0 0
283 15.8318 22.5122 0 0
284 -16.0519 18.2536 0 0
285 16.0354 18.1682 0 0
286 16.0816 10.6385 0 0
287 -16.0816 10.6385 0 0
288 16.0720 14.4347 0 0
289 -16.0645 14.4546 0 0
290 -28.7438 24.0146 0 0
291 28.6452 24.2607 0 0
292 28.6347 8.1324 0 0
293 -28.6340 8.1313 0 0
294 28.6852 12.2688 0 0
295 -28.8302 12.4098 0 0
296 -28.7503 19.6404 0 0
297 28.6396 19.5339 0 0
298 21.7500 30.7010 0 0
299 -21.8166 30.7771 0 0
300 21.7330 1.5303 0 0
301 -21.7330 1.5303 0 0
302 16.1334 9.3632 0 0
303 17.1901 10.0068 0 0
304 -16.1334 9.3632 0 0
305 -17.1901 10.0068 0 0
306 17.1988 8.7188 0 0
307 18.3098 9.3633 0 0
308 -17.1988 8.7188 0 0
309 -18.3098 9.3634 0 0
310 -16.1270 8.0749 0 0
311 16.1259 8.0749 0 0
312 -9.7587 1.5460 0 0
313 -3.7500 1.2990 0 0
314 3.5927 8.6565 0 0
315 8.1722 8.6784 0 0
316 12.7771 1.2031 0 0
317 16.1854 26.2161 0 0
318 -16.2250 26.1872 0 0
319 0.6079 1.3629 0 0
320 -6.7987 8.7725 0 0
321 17.2048 7.4144 0 0
322 -17.2049 7.4144 0 0
323 -16.0502 6.7677 0 0
324 -2.2500 8.7010 0 0
325 -11.2416 8.5993 0 0
326 6.7383 1.3036 0 0
327 18.2992 10.6721 0 0
328 19.4348 10.0159 0 0
329 19.4248 11.3325 0 0
330 20.5730 10.6776 0 0
331 20.5608 11.9986 0 0
332 20.5765 9.3471 0 0
333 21.7356 10.0188 0 0
334 21.7358 8.6658 0 0
335 -18.2992 10.6721 0 0
336 -19.4347 10.0159 0 0
337 -19.4248 11.3325 0 0
338 -20.5730 10.6776 0 0
339 -20.5608 11.9986 0 0
340 -20.5765 9.3471 0 0
341 -21.7356 10.0188 0 0
342 -21.7357 8.6658 0 0
343 16.0502 6.7677 0 0
344 -17.1808 6.0843 0 0
345 17.1807 6.0841 0 0
346 -24.7540 30.8014 0 0
347 24.7437 30.7701 0 0
348 -28.6238 27.0113 0 0
349 28.7974 27.0478 0 0
350 24.7500 1.2990 0 0
351 -24.7500 1.2990 0 0
352 -28.7463 15.2640 0 0
353 28.8096 16.7621 0 0
354 -28.8686 5.0212 0 0
355 28.8695 5.0233 0 0
356 11.2618 8.5171 0 0
357 3.7503 1.2365 0 0
358 9.6723 1.2319 0 0
359 0.7995 8.6743 0 0
360 -6.7145 1.2268 0 0
361 -12.7857 1.2112 0 0
362 22.9141 9.3522 0 0
363 22.9222 7.9839 0 0
364 -22.9141 9.3522 0 0
365 -22.9222 7.9839 0 0
366 22.9027 10.7136 0 0
367 -22.9027 10.7136 0 0
368 -15.8112 20.4752 0 0
369 15.8370 20.5157 0 0
370 -21.7262 7.2939 0 0
371 21.7262 7.2939 0 0
372 -22.9261 6.6004 0 0
373 22.9261 6.6004 0 0
374 24.0925 10.0441 0 0
375 24.0848 11.4132 0 0
376 -24.0925 10.0441 0 0
377 -24.0848 11.4133 0 0
378 16.0240 5.4170 0 0
379 -16.0241 5.4171 0 0
380 -18.6201 30.6665 0 0
381 18.5617 30.7035 0 0
382 -18.7392 1.2001 0 0
383 18.7233 1.2168 0 0
384 -21.7190 5.9098 0 0
385 21.7190 5.9098 0 0
386 14.8506 6.1138 0 0
387 -14.8509 6.1139 0 0
388 -24.1316 7.2975 0 0
389 -24.1377 5.8955 0 0
390 24.1316 7.2975 0 0
391 24.1377 5.8955 0 0
392 -19.4111 12.6502 0 0
393 -20.5466 13.3205 0 0
394 -19.3969 13.9662 0 0
395 -20.5317 14.6406 0 0
396 -19.3831 15.2853 0 0
397 -20.5176 15.9613 0 0
398 -21.6749 15.3131 0 0
399 -21.6593 16.6450 0 0
400 -22.8277 15.9923 0 0
401 -22.8071 17.3347 0 0
402 -21.6438 17.9827 0 0
403 -22.7624 18.6643 0 0
404 -21.6303 19.3068 0 0
405 -22.7290 19.9742 0 0
406 -21.5753 20.5779 0 0
407 -22.7120 21.2657 0 0
408 -21.5209 21.8196 0 0
409 -22.7137 22.5733 0 0
410 -21.5205 23.1588 0 0
411 -22.7013 23.9116 0 0
412 -21.4468 24.5454 0 0
413 -22.6752 25.2797 0 0
414 -23.8892 21.9854 0 0
415 -20.2491 23.6652 0 0
416 -20.4205 19.8645 0 0
417 -21.4425 25.8971 0 0
418 -23.9259 18.1177 0 0
419 -23.8855 24.6158 0 0
420 -23.8726 25.9950 0 0
421 19.4111 12.6502 0 0
422 20.5438 13.3205 0 0
423 19.3964 13.9662 0 0
424 20.5279 14.6405 0 0
425 19.3795 15.2881 0 0
426 20.5167 15.9706 0 0
427 21.6706 15.3140 0 0
428 21.6446 16.6604 0 0
429 20.5032 17.2980 0 0
430 21.6163 17.9666 0 0
431 20.4950 18.6013 0 0
432 21.5838 19.2617 0 0
433 20.4868 19.8863 0 0
434 21.5709 20.5352 0 0
435 20.4757 21.1457 0 0
436 21.5524 21.7991 0 0
437 22.6665 21.1852 0 0
438 22.6450 22.4680 0 0
439 21.5095 23.0842 0 0
440 22.6202 23.7744 0 0
441 21.4589 24.3967 0 0
442 22.7445 17.3771 0 0
443 22.5925 25.1036 0 0
444 23.7725 21.8430 0 0
445 21.4250 25.7143 0 0
446 20.3901 23.6564 0 0
447 23.7700 24.4603 0 0
448 23.7483 25.8199 0 0
449 -19.3677 16.6004 0 0
450 23.7949 20.5383 0 0
451 24.9322 21.2035 0 0
452 24.9476 19.8709 0 0
453 19.4076 20.5150 0 0
454 24.9494 25.1563 0 0
455 24.9632 26.6069 0 0
456 15.7312 1.2968 0 0
457 -15.7684 1.2962 0 0
458 -25.0725 25.3171 0 0
459 -25.0736 26.7163 0 0
460 25.2845 10.7403 0 0
461 25.2708 12.1235 0 0
462 -25.2845 10.7403 0 0
463 -25.2706 12.1239 0 0
464 23.7128 27.2191 0 0
465 14.7937 4.7789 0 0
466 13.6131 5.4495 0 0
467 -14.7931 4.7773 0 0
468 -13.6104 5.4484 0 0
469 -23.8457 27.4055 0 0
470 17.1236 4.7299 0 0
471 -17.1130 4.7358 0 0
472 -25.3143 6.6021 0 0
473 -25.3498 5.1931 0 0
474 25.3144 6.6021 0 0
475 25.3498 5.1931 0 0
476 19.3878 17.9437 0 0
477 24.0684 12.7949 0 0
478 25.2538 13.5085 0 0
479 -22.8303 14.6669 0 0
480 -23.9831 15.3584 0 0
481 -18.2836 6.7290 0 0
482 18.2835 6.7289 0 0
483 -24.1333 4.4782 0 0
484 24.1333 4.4782 0 0
485 16.0825 29.2500 0 0
486 -16.0825 29.2500 0 0
487 -18.2446 15.9319 0 0
488 -27.6879 30.7410 0 0
489 27.6847 1.2606 0 0
490 -27.6847 1.2606 0 0
491 27.6818 30.7407 0 0
492 13.6348 6.7969 0 0
493 12.3882 6.1820 0 0
494 12.3589 4.7409 0 0
495 11.1121 5.4983 0 0
496 -13.6338 6.7980 0 0
497 -12.3822 6.1832 0 0
498 -12.3524 4.7376 0 0
499 -11.1016 5.4977 0 0
500 -25.2568 23.8105 0 0
501 11.1031 4.0650 0 0
502 9.8454 4.8321 0 0
503 24.0584 14.1849 0 0
504 25.2353 14.8970 0 0
505 26.4516 14.2182 0 0
506 26.0963 20.5831 0 0
507 26.2240 19.3469 0 0
508 26.0951 21.8933 0 0
509 -11.0734 4.0281 0 0
510 -9.8092 4.7932 0 0
511 -9.8431 6.2735 0 0
512 -8.5405 5.5652 0 0
513 -8.5078 4.0783 0 0
514 -7.2537 4.8142 0 0
515 -21.7006 12.6778 0 0
516 -25.2772 7.9928 0 0
517 25.2774 7.9928 0 0
518 24.9775 28.0982 0 0
519 19.3965 21.7449 0 0
520 18.3521 21.1320 0 0
521 18.3429 22.3299 0 0
522 18.3493 19.8937 0 0
523 26.1883 25.9437 0 0
524 18.2845 13.2955 0 0
525 -18.2845 13.2955 0 0
526 9.8825 6.2344 0 0
527 8.5653 5.5651 0 0
528 8.4465 3.9467 0 0
529 7.2550 4.8513 0 0
530 26.1733 24.5263 0 0
531 7.3076 6.3042 0 0
532 5.9827 5.6185 0 0
533 5.9180 4.1848 0 0
534 4.6649 4.9136 0 0
535 -18.2522 17.2355 0 0
536 23.6938 28.5301 0 0
537 22.4918 27.8536 0 0
538 26.4174 15.5914 0 0
539 25.2411 16.2305 0 0
540 6.0022 7.2835 0 0
541 -25.0592 28.1346 0 0
542 25.3430 3.8556 0 0
543 -25.3430 3.8556 0 0
544 -19.3545 17.9118 0 0
545 -18.2511 18.5201 0 0
546 -26.4395 26.0282 0 0
547 26.4556 11.4407 0 0
548 26.4981 10.0546 0 0
549 -26.4663 11.4031 0 0
550 -26.4344 12.6828 0 0
551 -26.4986 10.0463 0 0
552 21.7057 12.6911 0 0
553 25.1114 18.6681 0 0
554 27.2865 21.2533 0 0
555 26.4715 16.8432 0 0
556 -8.5974 7.0177 0 0
557 27.6573 14.8165 0 0
558 -17.1399 16.4713 0 0
559 -23.9190 28.7560 0 0
560 -22.6474 28.0800 0 0
561 -24.0471 12.7549 0 0
562 -26.4686 6.1244 0 0
563 26.4695 6.1254 0 0
564 -20.5439 6.6324 0 0
565 -20.5198 5.2183 0 0
566 -21.7125 4.5035 0 0
567 -20.5038 3.8288 0 0
568 20.5439 6.6324 0 0
569 20.5198 5.2183 0 0
570 21.7125 4.5036 0 0
571 20.5039 3.8289 0 0
572 17.4206 21.6701 0 0
573 17.4000 22.7551 0 0
574 18.3087 23.5004 0 0
575 17.1281 23.9494 0 0
576 18.2884 24.7095 0 0
577 4.5601 3.4574 0 0
578 3.3413 4.1969 0 0
579 3.3899 5.6817 0 0
580 2.0967 4.9999 0 0
581 2.1140 6.4628 0 0
582 0.8013 5.7423 0 0
583 0.8352 4.0438 0 0
584 -0.5053 4.9844 0 0
585 -0.5497 3.5173 0 0
586 -1.8298 4.2892 0 0
587 -1.7972 5.7863 0 0
588 -3.1139 5.0711 0 0
589 -3.0732 6.5179 0 0
590 -4.4552 5.8865 0 0
591 -4.5268 4.4923 0 0
592 -4.4584 7.4257 0 0
593 -5.6522 6.5668 0 0
594 -1.8638 2.7952 0 0
595 19.3518 4.5545 0 0
596 -19.3222 4.5479 0 0
597 27.7729 10.7772 0 0
598 -27.7028 10.5797 0 0
599 14.2176 8.8207 0 0
600 -14.2185 8.8210 0 0
601 27.2756 22.5843 0 0
602 -7.2419 3.4146 0 0
603 12.2990 3.3523 0 0
604 -12.2907 3.3447 0 0
605 27.4128 25.1336 0 0
606 -24.1077 2.8066 0 0
607 24.1077 2.8066 0 0
608 19.3363 3.2366 0 0
609 -19.3307 3.2262 0 0
610 -16.1042 24.7577 0 0
611 -17.3210 25.3357 0 0
612 -17.5621 26.7342 0 0
613 -17.1645 24.0428 0 0
614 -18.7385 25.6264 0 0
615 -19.0098 27.1586 0 0
616 -17.9313 28.0672 0 0
617 -19.3051 28.4892 0 0
618 -20.4122 27.8421 0 0
619 -20.4276 29.2136 0 0
620 21.7144 3.0806 0 0
621 -21.7144 3.0805 0 0
622 11.1162 2.7716 0 0
623 -11.0418 2.6000 0 0
624 -8.4892 2.6309 0 0
625 -16.1357 30.6557 0 0
626 16.0516 30.4872 0 0
627 27.7243 9.3329 0 0
628 -27.7243 9.3329 0 0
629 -19.3325 19.1887 0 0
630 -18.2088 19.7776 0 0
631 -17.0556 19.1729 0 0
632 17.2384 30.0024 0 0
633 17.3618 28.6010 0 0
634 -19.2693 20.4058 0 0
635 -18.2138 21.0005 0 0
636 -19.2400 21.6039 0 0
637 -18.1998 22.1855 0 0
638 -17.3045 21.5624 0 0
639 -19.2010 22.8613 0 0
640 16.0825 24.7500 0 0
641 -9.8679 7.7337 0 0
642 -17.3387 29.8480 0 0
643 27.6161 13.3516 0 0
644 -17.1535 15.1706 0 0
645 -17.3076 20.4150 0 0
646 22.4776 29.4088 0 0
647 21.2392 28.3390 0 0
648 -20.4800 18.5885 0 0
649 12.4966 7.5382 0 0
650 -12.4906 7.5536 0 0
651 -16.0671 23.6161 0 0
652 28.4838 21.9608 0 0
653 17.4066 20.5274 0 0
654 17.4189 19.3184 0 0
655 -16.4080 27.7872 0 0
656 5.9313 2.6780 0 0
657 22.8843 13.4310 0 0
658 19.3749 16.6327 0 0
659 18.2502 15.9484 0 0
660 18.2916 17.2904 0 0
661 17.1596 16.5101 0 0
662 17.1597 15.1765 0 0
663 -23.2638 30.8319 0 0
664 23.2420 30.7762 0 0
665 -17.0364 22.7513 0 0
666 3.4230 7.1795 0 0
667 2.1693 7.8845 0 0
668 20.2181 30.7617 0 0
669 19.4807 29.5023 0 0
670 -20.3065 30.6267 0 0
671 18.2824 14.6021 0 0
672 14.2543 1.2758 0 0
673 15.1113 2.5659 0 0
674 16.4662 2.5805 0 0
675 17.2195 1.2832 0 0
676 -17.2427 1.2690 0 0
677 -16.5111 2.5690 0 0
678 -15.1354 2.5760 0 0
679 -14.2948 1.2752 0 0
680 -20.1717 1.2213 0 0
681 20.1691 1.2240 0 0
682 -18.2811 14.5980 0 0
683 18.2879 11.9859 0 0
684 17.1759 12.5927 0 0
685 -18.2879 11.9859 0 0
686 -17.1759 12.5927 0 0
687 -28.7504 25.4747 0 0
688 -27.3959 24.7530 0 0
689 -27.5181 23.2510 0 0
690 -28.7286 22.5765 0 0
691 -27.4794 21.8926 0 0
692 -26.1782 22.5671 0 0
693 -26.2674 21.1508 0 0
694 -27.5008 20.4117 0 0
695 -26.2374 19.7895 0 0
696 -25.0504 20.3563 0 0
697 -25.0649 18.9271 0 0
698 -26.2644 18.2553 0 0
699 23.3055 1.3403 0 0
700 -23.3055 1.3403 0 0
701 -26.2413 30.7421 0 0
702 -26.9764 29.5205 0 0
703 -28.6070 29.6054 0 0
704 -27.6490 28.1923 0 0
705 26.2393 30.7118 0 0
706 26.9787 29.5204 0 0
707 28.6025 29.6037 0 0
708 27.6091 28.1969 0 0
709 25.5148 29.4224 0 0
710 -20.5038 17.2816 0 0
711 19.4047 19.2431 0 0
712 17.1820 11.2952 0 0
713 -17.1820 11.2952 0 0
714 -20.3256 22.3204 0 0
715 -19.0615 24.1962 0 0
716 -20.0067 25.0914 0 0
717 28.7504 18.1839 0 0
718 -28.7971 13.8233 0 0
719 -27.5581 14.5737 0 0
720 -27.4981 15.9735 0 0
721 -26.3146 15.3434 0 0
722 -26.2949 16.7236 0 0
723 -27.5229 17.4320 0 0
724 -27.5074 18.9398 0 0
725 26.2381 1.2592 0 0
726 27.0052 2.4769 0 0
727 28.6091 2.3967 0 0
728 27.7415 3.9240 0 0
729 -26.2381 1.2592 0 0
730 -27.0052 2.4769 0 0
731 -28.6091 2.3967 0 0
732 -27.7411 3.9229 0 0
733 -28.7384 21.1259 0 0
734 -5.9176 4.0635 0 0
735 -6.1603 2.5192 0 0
736 -0.7448 2.1000 0 0
737 -28.7977 6.5557 0 0
738 -27.5578 7.1089 0 0
739 28.7987 6.5572 0 0
740 27.5589 7.1102 0 0
741 16.1966 27.7612 0 0
742 17.5260 26.8839 0 0
743 18.8039 28.1442 0 0
744 19.0018 26.6050 0 0
745 20.0378 27.4506 0 0
746 -28.7505 16.7117 0 0
747 15.8366 19.3834 0 0
748 -15.9382 19.3750 0 0
749 8.2360 1.2867 0 0
750 7.5662 2.5819 0 0
751 16.0671 23.6161 0 0
752 8.9764 2.4800 0 0
753 27.5178 18.8655 0 0
754 -8.4782 8.5785 0 0
755 9.5939 8.6244 0 0
756 -3.1340 3.6423 0 0
757 -0.4456 6.4457 0 0
758 2.2500 1.2990 0 0
759 1.5348 2.6228 0 0
760 3.1596 2.6747 0 0
761 -5.2512 8.7800 0 0
762 6.7272 8.7131 0 0
763 5.2389 8.7119 0 0
764 -0.8266 8.7193 0 0
765 -2.0908 1.3422 0 0
766 20.4534 22.3842 0 0
767 24.0291 15.5580 0 0
768 4.7027 6.4000 0 0
769 24.9468 23.8132 0 0
770 20.3471 24.8787 0 0
771 8.7137 7.2172 0 0
772 -25.1962 13.4091 0 0
773 -7.0783 6.3939 0 0
774 5.2369 1.2406 0 0
775 -20.5676 8.0182 0 0
776 20.5675 8.0181 0 0
777 23.8230 19.2777 0 0
778 -9.7800 3.2794 0 0
779 27.4372 26.5815 0 0
780 26.2379 27.3527 0 0
781 -1.6629 7.3701 0 0
782 -3.7440 8.7790 0 0
783 18.0745 2.5413 0 0
784 -5.2541 1.3018 0 0
785 13.5469 4.0834 0 0
786 -13.5462 4.0840 0 0
787 19.3605 22.9488 0 0
788 18.3268 18.6140 0 0
789 28.7154 25.6554 0 0
790 24.1028 8.6747 0 0
791 -24.1028 8.6747 0 0
792 26.4262 12.7995 0 0
793 -21.6816 13.9953 0 0
794 -11.1381 6.9655 0 0
795 0.8659 7.1438 0 0
796 -22.6754 26.6635 0 0
797 19.4290 8.7138 0 0
798 -19.4290 8.7138 0 0
799 11.1962 6.9114 0 0
800 -23.9770 16.7223 0 0
801 21.7143 11.3476 0 0
802 -21.7088 11.3434 0 0
803 -26.2880 27.4561 0 0
804 -23.9039 23.2471 0 0
805 22.9232 5.1966 0 0
806 -22.9232 5.1966 0 0
807 22.8988 12.0598 0 0
808 -22.9007 12.0578 0 0
809 22.5569 26.4606 0 0
810 -18.0765 2.5386 0 0
811 -22.6721 29.5482 0 0
812 23.7454 23.1346 0 0
813 14.8210 7.6082 0 0
814 -14.8212 7.6086 0 0
815 -18.3007 8.0755 0 0
816 18.3007 8.0755 0 0
817 -4.4677 2.8622 0 0
818 15.8914 3.8965 0 0
819 22.6766 19.9206 0 0
820 -15.8971 3.9010 0 0
821 -25.3091 29.4922 0 0
822 -16.0633 11.8816 0 0
823 16.0633 11.8816 0 0
824 -25.2841 9.3743 0 0
825 25.2792 9.3780 0 0
826 -25.1072 17.4614 0 0
827 21.6943 14.0293 0 0
828 13.5664 2.5462 0 0
829 -13.5794 2.5676 0 0
830 -28.7552 18.1813 0 0
831 22.8499 14.7681 0 0
832 22.9093 3.7714 0 0
833 -22.9093 3.7714 0 0
834 -18.1352 23.4103 0 0
835 16.0892 13.1829 0 0
836 -16.0880 13.1862 0 0
837 23.9755 16.7844 0 0
838 -15.8454 21.4989 0 0
839 15.8121 21.5285 0 0
840 -22.8543 13.3697 0 0
841 21.3381 27.0093 0 0
842 -19.3853 5.9237 0 0
843 19.3881 6.0016 0 0
844 17.2013 25.3324 0 0
845 -26.4327 8.7297 0 0
846 26.4320 8.7317 0 0
847 24.9186 22.5079 0 0
848 -24.8972 22.6368 0 0
849 17.1953 17.9785 0 0
850 17.1773 13.8807 0 0
851 -17.1746 13.8829 0 0
852 -25.1321 16.0657 0 0
853 -8.1735 1.2509 0 0
854 22.6849 18.6390 0 0
855 -26.5165 4.7324 0 0
856 26.5171 4.7337 0 0
857 16.0635 15.7077 0 0
858 -23.8737 20.7199 0 0
859 -26.1351 24.7085 0 0
860 11.1716 1.3901 0 0
861 -16.0402 15.6811 0 0
862 -11.3313 1.2341 0 0
863 -17.1228 17.7547 0 0
864 16.0756 17.0191 0 0
865 -27.7036 26.0907 0 0
866 -19.4183 7.3488 0 0
867 19.4188 7.3617 0 0
868 26.1448 23.2046 0 0
869 -16.0591 16.9851 0 0
870 27.6235 17.5003 0 0
871 -24.0045 14.0573 0 0
872 22.8190 16.0770 0 0
873 -20.3919 21.0987 0 0
874 -23.9010 19.4599 0 0
875 27.3212 23.7887 0 0
876 -18.1899 4.0109 0 0
877 -20.1965 26.4899 0 0
878 -25.6414 2.5296 0 0
879 25.6415 2.5296 0 0
880 18.2559 5.3222 0 0
881 -18.2458 5.3386 0 0
882 28.9162 15.2727 0 0
883 -21.5689 27.3239 0 0
884 12.9544 8.8248 0 0
885 -12.8404 8.8206 0 0
886 20.2352 26.1350 0 0
887 27.6493 16.1310 0 0
888 28.8713 13.8553 0 0
889 19.3260 24.1410 0 0
890 -25.1491 14.7334 0 0
891 18.2079 3.8340 0 0
892 -27.5874 13.2422 0 0
893 20.5257 2.5119 0 0
894 -20.5255 2.5108 0 0
895 27.3912 12.1276 0 0
896 22.8224 2.5105 0 0
897 -22.8224 2.5105 0 0
898 29.0867 10.8638 0 0
899 -28.9667 10.9091 0 0
900 9.9164 3.4333 0 0
901 28.8999 9.6079 0 0
902 -28.9251 9.5235 0 0
903 23.9458 18.0294 0 0
904 -26.3733 13.9974 0 0
905 7.4384 7.6156 0 0
906 -5.9435 5.3880 0 0
907 27.3111 20.0597 0 0
908 18.2893 29.3907 0 0
909 -7.4077 7.6609 0 0
910 2.1935 3.7076 0 0
911 29.0018 28.3151 0 0
912 20.9368 29.6386 0 0
913 -28.9760 28.3072 0 0
914 -29.0438 3.7227 0 0
915 29.0440 3.7233 0 0
916 28.6202 20.8316 0 0
917 -3.0612 2.3882 0 0
918 -19.4471 29.6939 0 0
919 -17.3189 31.0340 0 0
920 4.5834 7.6442 0 0
921 26.3922 7.4332 0 0
922 -26.3918 7.4327 0 0
923 26.3806 18.1090 0 0
924 10.1296 7.5009 0 0
925 -27.5883 11.9077 0 0
926 25.1877 17.4441 0 0
927 27.6592 5.5790 0 0
928 24.0060 29.7264 0 0
929 -9.8175 8.9823 0 0
930 -27.6584 5.5776 0 0
931 17.1527 3.5165 0 0
932 -17.1575 3.5511 0 0
933 -18.0775 24.5641 0 0
934 -3.0046 7.7676 0 0
935 4.5085 2.2340 0 0
936 -6.0000 7.7733 0 0
937 -18.3924 29.3340 0 0
938 7.0450 3.6850 0 0
939 -26.2121 28.5842 0 0
940 19.2264 25.3753 0 0
941 16.6205 21.0692 0 0
942 -28.8946 30.9062 0 0
943 28.8946 30.9062 0 0
944 28.8946 1.0938 0 0
945 -28.8946 1.0938 0 0
946 0.3366 2.7486 0 0
947 15.2759 8.7354 0 0
948 -15.2759 8.7354 0 0
949 18.2488 25.7812 0 0
950 14.5820 3.5742 0 0
951 -14.5903 3.5812 0 0
952 16.6017 22.0821 0 0
953 -0.2434 7.6533 0 0
954 -21.6994 28.7507 0 0
955 2.2363 9.0878 0 0
956 -16.5548 21.0000 0 0
957 -15.6589 31.4139 0 0
958 -0.7484 0.9074 0 0
959 28.3452 23.1734 0 0
960 -25.1977 21.5728 0 0
961 20.1074 28.5412 0 0
962 16.6123 19.9476 0 0
963 -7.3750 2.2226 0 0
964 13.6249 7.9178 0 0
965 -13.5983 7.9288 0 0
966 12.1077 2.2001 0 0
967 -24.0020 29.9065 0 0
968 -12.0963 2.1919 0 0
969 -16.5054 21.9299 0 0
970 17.0909 31.1244 0 0
971 -17.0549 28.7719 0 0
972 -26.5008 23.7654 0 0
973 -26.4494 3.5035 0 0
974 26.4496 3.5040 0 0
975 19.4035 2.1236 0 0
976 -19.4056 2.1187 0 0
977 -27.3250 27.0688 0 0
978 -27.4253 8.2289 0 0
979 27.4254 8.2296 0 0
980 -21.3639 29.7478 0 0
981 16.5543 18.8715 0 0
982 10.1706 2.2614 0 0
983 26.2602 28.5668 0 0
984 -16.5082 19.9764 0 0
985 16.5663 22.9705 0 0
986 15.8122 31.4067 0 0
987 24.5995 28.9298 0 0
988 3.8427 11.2433 0 0
989 -3.7500 18.7010 0 0
990 -8.1361 18.6140 0 0
991 8.3280 11.2644 0 0
992 13.9574 15.5890 0 0
993 -14.1274 14.4101 0 0
994 -0.6874 11.1516 0 0
995 2.2603 18.7070 0 0
996 -5.1920 11.1994 0 0
997 6.7815 18.6868 0 0
998 -9.7500 11.2990 0 0
999 9.7770 18.7045 0 0
1000 -0.7500 18.7010 0 0
1001 11.2986 11.2757 0 0
1002 -11.2477 18.7477 0 0
1003 -13.9477 16.9120 0 0
1004 13.9455 13.1292 0 0
1005 12.6811 18.6872 0 0
1006 -12.7668 11.2393 0 0
1007 11.2474 18.7174 0 0
1008 10.5363 17.4374 0 0
1009 9.0699 17.4128 0 0
1010 9.8348 16.1574 0 0
1011 8.3667 16.1268 0 0
1012 9.1349 14.8810 0 0
1013 7.6601 14.8386 0 0
1014 10.5923 14.9142 0 0
1015 6.8890 16.0946 0 0
1016 6.1767 14.7988 0 0
1017 5.4018 16.0675 0 0
1018 4.6866 14.7609 0 0
1019 3.8872 16.0511 0 0
1020 3.1886 14.7266 0 0
1021 2.3940 16.0246 0 0
1022 1.6918 14.6919 0 0
1023 0.8997 15.9976 0 0
1024 0.1941 14.6575 0 0
1025 -0.5867 15.9573 0 0
1026 -1.3027 14.6210 0 0
1027 -2.0834 15.9207 0 0
1028 -2.8011 14.5848 0 0
1029 -3.5819 15.8653 0 0
1030 -4.3028 14.5453 0 0
1031 -5.0812 15.8251 0 0
1032 -5.8033 14.5101 0 0
1033 -6.5801 15.8500 0 0
1034 -7.2967 14.4889 0 0
1035 -8.0714 15.8222 0 0
1036 -8.7854 14.4496 0 0
1037 -9.5474 15.7139 0 0
1038 -10.2543 14.4369 0 0
1039 -10.9933 15.6629 0 0
1040 5.4654 13.5123 0 0
1041 0.9755 13.4299 0 0
1042 9.9090 13.6504 0 0
1043 -5.7914 17.1808 0 0
1044 11.3365 13.7260 0 0
1045 -3.5250 13.3299 0 0
1046 -8.1092 13.2778 0 0
1047 4.5681 17.3821 0 0
1048 -11.6291 14.4400 0 0
1049 -10.9935 13.2873 0 0
1050 11.9521 14.9733 0 0
1051 -12.3436 15.6056 0 0
1052 -12.3361 13.2976 0 0
1053 -10.3287 16.6455 0 0
1054 -2.8991 17.2517 0 0
1055 0.0993 17.3236 0 0
1056 11.2762 16.1886 0 0
1057 11.9781 17.4578 0 0
1058 13.3956 17.4902 0 0
1059 -11.1983 11.1682 0 0
1060 12.8126 16.1908 0 0
1061 -9.6107 13.2949 0 0
1062 -11.7066 16.8226 0 0
1063 8.2890 18.6952 0 0
1064 12.8569 11.2932 0 0
1065 9.8360 11.2619 0 0
1066 -12.7897 18.7745 0 0
1067 -9.7058 18.7216 0 0
1068 -8.2500 11.2990 0 0
1069 -6.5851 13.3321 0 0
1070 -5.0380 13.3491 0 0
1071 -9.0943 17.2738 0 0
1072 -7.3440 17.2763 0 0
1073 -6.5473 18.5535 0 0
1074 -6.7016 11.1648 0 0
1075 8.4354 13.6082 0 0
1076 12.7792 13.7493 0 0
1077 -4.3630 17.1407 0 0
1078 -2.2221 18.6324 0 0
1079 2.4727 13.4709 0 0
1080 1.6884 12.3512 0 0
1081 -2.0738 13.3409 0 0
1082 -2.8764 12.2520 0 0
1083 6.8418 11.2546 0 0
1084 5.3625 11.2376 0 0
1085 3.7631 18.6998 0 0
1086 3.0724 17.3837 0 0
1087 0.7786 18.6949 0 0
1088 -1.4070 17.2978 0 0
1089 -0.5850 13.4389 0 0
1090 3.9698 13.5051 0 0
1091 6.9531 13.5673 0 0
1092 5.2887 18.6888 0 0
1093 12.0097 12.5114 0 0
1094 6.0892 17.3811 0 0
1095 13.9593 14.3696 0 0
1096 -13.7878 13.2103 0 0
1097 -13.9295 11.8979 0 0
1098 -13.7412 15.6000 0 0
1099 13.9961 11.9222 0 0
1100 -13.9457 18.0960 0 0
1101 7.5809 17.3995 0 0
1102 1.5841 17.3552 0 0
1103 10.6336 12.5062 0 0
1104 0.7332 11.2155 0 0
1105 -3.7031 11.1684 0 0
1106 9.1451 12.4637 0 0
1107 -12.8833 17.5000 0 0
1108 -5.0916 18.4511 0 0
1109 7.6578 12.4386 0 0
1110 13.8799 18.4992 0 0
1111 6.2066 12.4414 0 0
1112 4.7011 12.4126 0 0
1113 -12.9001 14.4877 0 0
1114 3.2249 12.3940 0 0
1115 2.4295 11.1692 0 0
1116 0.0949 12.2964 0 0
1117 -1.3496 12.2607 0 0
1118 -10.4817 12.1728 0 0
1119 13.0869 14.9817 0 0
1120 -2.1861 11.1388 0 0
1121 14.0331 16.6040 0 0
1122 -4.3503 12.2718 0 0
1123 -9.0000 12.1755 0 0
1124 -11.7908 12.2487 0 0
1125 -5.8945 12.2459 0 0
1126 -7.4721 12.1913 0 0
1127 -12.9679 16.4719 0 0
1128 -12.9565 12.3406 0 0
1129 -14.0392 10.8774 0 0
1130 -14.0471 19.1241 0 0
1131 14.0706 10.8931 0 0
1132 14.2720 19.3750 0 0
1133 13.1205 12.5000 0 0
1134 -11.8897 17.9283 0 0
1135 -10.5845 17.8237 0 0
1136 -3.7500 22.7010 0 0
1137 -0.7500 22.7010 0 0
1138 -6.7500 21.2990 0 0
1139 -9.7831 21.3567 0 0
1140 3.7500 22.7010 0 0
1141 -12.7920 22.7361 0 0
1142 8.2500 22.7010 0 0
1143 10.9146 22.5719 0 0
1144 14.0527 21.6225 0 0
1145 -14.0711 21.5490 0 0
1146 -2.2500 21.2990 0 0
1147 0.7500 21.2990 0 0
1148 -8.2512 22.6453 0 0
1149 5.2500 21.2990 0 0
1150 9.7362 21.3740 0 0
1151 12.9192 21.1479 0 0
1152 13.2858 22.6854 0 0
1153 -12.7708 21.2031 0 0
1154 -11.2660 21.9990 0 0
1155 2.2500 21.2990 0 0
1156 6.7500 21.2990 0 0
1157 -5.2500 21.2990 0 0
1158 11.3730 21.2021 0 0
1159 -3.7500 21.0598 0 0
1160 -2.2500 22.9402 0 0
1161 -0.7500 21.0598 0 0
1162 -5.2500 22.8050 0 0
1163 -6.6850 22.7331 0 0
1164 0.8151 22.7333 0 0
1165 -8.2569 21.0602 0 0
1166 -10.0084 22.8501 0 0
1167 3.7500 21.1784 0 0
1168 2.2630 22.9467 0 0
1169 8.2490 21.1838 0 0
1170 9.6802 22.9294 0 0
1171 5.3151 22.7333 0 0
1172 6.7630 22.9467 0 0
1173 -14.0676 22.4486 0 0
1174 14.3054 22.5432 0 0
1175 -11.3133 23.1170 0 0
1176 12.0985 22.3215 0 0
1177 -11.2500 20.8451 0 0
1178 14.2098 23.2921 0 0
1179 -14.1456 23.3449 0 0
1180 14.0944 20.7541 0 0
1181 -14.1443 20.6505 0 0
1182 -13.3908 21.9920 0 0
1183 -3.7500 25.5707 0 0
1184 -0.7526 25.4471 0 0
1185 -6.7448 25.4426 0 0
1186 -9.7464 25.5016 0 0
1187 3.7500 25.5209 0 0
1188 11.2500 25.5209 0 0
1189 -12.7500 25.7010 0 0
1190 8.2519 25.5715 0 0
1191 0.7497 25.5328 0 0
1192 2.2499 25.5090 0 0
1193 -11.2497 25.4421 0 0
1194 5.2537 25.4763 0 0
1195 12.7500 25.3465 0 0
1196 9.7502 25.4671 0 0
1197 -8.2485 25.4907 0 0
1198 -5.2491 25.5022 0 0
1199 -2.2504 25.5030 0 0
1200 6.7509 25.5080 0 0
1201 -14.0138 25.1005 0 0
1202 14.0161 25.9098 0 0
1203 14.1105 24.8918 0 0
1204 -14.1303 26.1330 0 0
1205 -3.7500 28.5707 0 0
1206 -0.7526 28.4471 0 0
1207 -6.7448 28.4426 0 0
1208 -9.7500 28.5544 0 0
1209 3.7500 28.5209 0 0
1210 11.2500 28.5209 0 0
1211 -12.7500 28.2990 0 0
1212 8.2519 28.5715 0 0
1213 0.7497 28.5328 0 0
1214 2.2499 28.5090 0 0
1215 5.2537 28.4763 0 0
1216 12.7500 28.3465 0 0
1217 9.7502 28.4671 0 0
1218 -8.2491 28.4995 0 0
1219 -5.2491 28.5022 0 0
1220 -2.2504 28.5030 0 0
1221 -11.2607 28.5674 0 0
1222 6.7509 28.5080 0 0
1223 -14.0138 28.8995 0 0
1224 14.0161 28.9098 0 0
1225 14.1105 27.8918 0 0
1226 -14.1303 27.8670 0 0
1227 0.5601 31.7300 0 0
1228 0.0849 31.8535 0 0
1229 -0.3826 31.7922 0 0
1230 1.2396 31.6935 0 0
1231 -0.9292 31.7852 0 0
1232 -1.4702 31.6521 0 0
1233 1.8252 31.5030 0 0
1234 1.3141 31.0149 0 0
1235 0.4019 30.8792 0 0
1236 -0.6141 30.8259 0 0
1237 0.7801 31.4225 0 0
1238 0.3157 31.4146 0 0
1239 -2.5993 31.0440 0 0
1240 -0.1276 31.2445 0 0
1241 2.6500 31.4686 0 0
1242 0.3206 31.7075 0 0
1243 0.8555 31.7692 0 0
1244 -3.8020 30.9412 0 0
1245 -5.2374 30.9804 0 0
1246 5.2500 30.9650 0 0
1247 2.0942 30.7167 0 0
1248 -1.9400 31.2771 0 0
1249 -1.3261 31.0340 0 0
1250 3.6348 30.9273 0 0
1251 -6.6146 31.0092 0 0
1252 6.6167 31.0067 0 0
1253 -0.1107 31.6125 0 0
1254 -0.5769 31.4973 0 0
1255 -12.8961 31.0282 0 0
1256 12.8961 31.0282 0 0
1257 -7.9941 31.0182 0 0
1258 7.9944 31.0178 0 0
1259 -11.5577 31.0222 0 0
1260 11.5577 31.0222 0 0
1261 -9.3740 31.0205 0 0
1262 9.3741 31.0205 0 0
1263 10.4664 31.2085 0 0
1264 -10.4663 31.2085 0 0
1265 -14.0265 31.0794 0 0
1266 14.0265 31.0794 0 0
1267 -0.6216 31.8149 0 0
1268 -0.9833 31.3589 0 0
1269 0.4179 31.8593 0 0
1270 -0.1351 31.8558 0 0
1271 0.0816 32.1343 0 0
1272 -0.2274 32.1493 0 0
1273 -0.8641 32.2373 0 0
1274 0.8641 32.2376 0 0
1275 0.4022 32.1643 0 0
1276 -0.3902 32.1242 0 0
1277 0.2310 32.2835 0 0
1278 -0.5643 32.1882 0 0
1279 0.6096 32.1784 0 0
1280 -0.1338 32.3141 0 0
1281 -0.0629 32.1511 0 0
1282 0.2308 32.1238 0 0
1283 0.0536 32.3091 0 0
1284 -0.3443 32.2960 0 0
1285 -1.3983 32.2017 0 0
1286 1.3983 32.2017 0 0
1287 -1.7131 32.2420 0 0
1288 1.7131 32.2420 0 0
1289 -1.1519 32.1878 0 0
1290 1.1519 32.1879 0 0
